<!DOCTYPE html>
<html lang="en">
<head>
    <meta charset="UTF-8">
    <meta name="viewport" content="width=device-width, initial-scale=1.0">
    <title>Plagiarism Detection Report</title>
    <script src="https://cdn.plot.ly/plotly-2.27.0.min.js"></script>
    <style>
        * { box-sizing: border-box; }
        body {
            font-family: -apple-system, BlinkMacSystemFont, 'Segoe UI', Roboto, sans-serif;
            margin: 0; padding: 20px; background: #1a1a2e; color: #eee;
        }
        h1 { color: #00d4ff; border-bottom: 2px solid #00d4ff; padding-bottom: 10px; }
        h2 { color: #ff6b6b; margin-top: 30px; }
        .summary {
            display: grid; grid-template-columns: repeat(auto-fit, minmax(200px, 1fr));
            gap: 15px; margin: 20px 0;
        }
        .stat-card {
            background: #16213e; padding: 20px; border-radius: 10px;
            border-left: 4px solid #00d4ff;
        }
        .stat-card.critical { border-left-color: #ff4757; }
        .stat-card.high { border-left-color: #ffa502; }
        .stat-value { font-size: 2em; font-weight: bold; }
        .stat-label { color: #888; font-size: 0.9em; }
        table {
            width: 100%; border-collapse: collapse; margin: 20px 0;
            background: #16213e; border-radius: 10px; overflow: hidden;
        }
        th { background: #0f3460; color: #00d4ff; padding: 12px; text-align: left; }
        td { padding: 10px 12px; border-bottom: 1px solid #0f3460; }
        tr:hover { background: #1f4068; }
        .critical { color: #ff4757; font-weight: bold; }
        .high { color: #ffa502; font-weight: bold; }
        .medium { color: #ffd43b; }
        .low { color: #2ed573; }
        .badge {
            display: inline-block; padding: 3px 8px; border-radius: 4px;
            font-size: 0.8em; font-weight: bold;
        }
        .badge.critical { background: #ff4757; color: white; }
        .badge.high { background: #ffa502; color: black; }
        .badge.medium { background: #ffd43b; color: black; }
        .legend {
            margin: 20px 0; padding: 15px; background: #16213e;
            border-radius: 10px; display: flex; gap: 20px; flex-wrap: wrap;
        }
        .legend-item { display: flex; align-items: center; gap: 8px; }
        .legend-dot { width: 12px; height: 12px; border-radius: 50%; }
        .legend-dot.critical { background: #ff4757; }
        .legend-dot.high { background: #ffa502; }
        .legend-dot.medium { background: #ffd43b; }
        .chart-container {
            background: #16213e; border-radius: 10px; padding: 15px; margin: 20px 0;
        }
        .chart-row {
            display: grid; grid-template-columns: 1fr 1fr; gap: 20px; margin: 20px 0;
        }
        @media (max-width: 1200px) {
            .chart-row { grid-template-columns: 1fr; }
        }
        .tab-container {
            margin: 20px 0;
        }
        .tab-buttons {
            display: flex; gap: 10px; margin-bottom: 15px;
        }
        .tab-button {
            padding: 10px 20px; background: #16213e; border: none;
            color: #888; cursor: pointer; border-radius: 5px;
            transition: all 0.3s;
        }
        .tab-button:hover { background: #1f4068; color: #eee; }
        .tab-button.active { background: #0f3460; color: #00d4ff; }
        .tab-content { display: none; }
        .tab-content.active { display: block; }
        .suggestion-card {
            background: linear-gradient(135deg, #16213e 0%, #1a1a2e 100%);
            border: 1px solid #0f3460; border-radius: 12px;
            padding: 20px; margin: 25px 0;
        }
        .suggestion-card h3 {
            color: #00d4ff; margin: 0 0 5px 0; font-size: 1.2em;
        }
        .suggestion-subtitle {
            color: #888; font-size: 0.85em; margin: 0 0 15px 0;
        }
        .suggestions-grid {
            display: grid; grid-template-columns: repeat(3, 1fr); gap: 15px;
        }
        .suggestion-item {
            background: #0f3460; border-radius: 8px; padding: 15px; text-align: center;
        }
        .suggestion-item.critical { border-top: 3px solid #ff4757; }
        .suggestion-item.high { border-top: 3px solid #ffa502; }
        .suggestion-item.medium { border-top: 3px solid #ffd43b; }
        .suggestion-label {
            font-size: 0.8em; color: #888; text-transform: uppercase; letter-spacing: 1px;
        }
        .suggestion-value {
            font-size: 1.8em; font-weight: bold; margin: 5px 0;
        }
        .suggestion-item.critical .suggestion-value { color: #ff4757; }
        .suggestion-item.high .suggestion-value { color: #ffa502; }
        .suggestion-item.medium .suggestion-value { color: #ffd43b; }
        .suggestion-count {
            font-size: 0.85em; color: #aaa;
        }
        .suggestion-stats {
            display: flex; justify-content: space-between; align-items: center;
            margin-top: 15px; padding-top: 15px; border-top: 1px solid #0f3460;
            font-size: 0.85em; color: #888;
        }
        .confidence-badge {
            padding: 4px 10px; border-radius: 12px; font-size: 0.75em;
            font-weight: bold; color: #1a1a2e;
        }
        @media (max-width: 600px) {
            .suggestions-grid { grid-template-columns: 1fr; }
        }
        /* Detector Info Panel */
        .detector-info-panel {
            background: #16213e; border-radius: 10px; padding: 20px; margin: 20px 0;
        }
        .detector-info-panel h3 {
            color: #00d4ff; margin: 0 0 15px 0;
        }
        .detector-grid {
            display: grid; grid-template-columns: repeat(auto-fit, minmax(250px, 1fr)); gap: 15px;
        }
        .detector-card {
            background: #0f3460; border-radius: 8px; padding: 15px;
        }
        .detector-header {
            display: flex; justify-content: space-between; align-items: center; margin-bottom: 8px;
        }
        .technique-badge {
            padding: 2px 8px; border-radius: 10px; font-size: 0.7em;
            font-weight: bold; color: #1a1a2e;
        }
        .detector-desc {
            color: #aaa; font-size: 0.85em; margin: 0 0 10px 0;
        }
        .detector-details {
            font-size: 0.8em;
        }
        .detector-details .catches {
            color: #2ed573; display: block; margin-bottom: 4px;
        }
        .detector-details .misses {
            color: #ff6b6b; display: block;
        }
        /* Action Definitions Panel */
        .action-definitions-panel {
            background: #16213e; border-radius: 10px; padding: 20px; margin: 20px 0;
        }
        .action-definitions-panel h3 {
            color: #00d4ff; margin: 0 0 15px 0;
        }
        .action-def-grid {
            display: grid; grid-template-columns: repeat(auto-fit, minmax(300px, 1fr)); gap: 15px;
        }
        .action-def-card {
            background: #0f3460; border-radius: 8px; padding: 15px;
        }
        .action-def-header {
            margin-bottom: 10px;
        }
        .action-def-badge {
            padding: 5px 12px; border-radius: 6px; font-size: 0.9em;
            font-weight: bold; color: #1a1a2e; display: inline-block;
        }
        .action-def-when {
            color: #aaa; font-size: 0.85em; margin: 8px 0;
        }
        .action-def-when strong {
            color: #00d4ff;
        }
        .action-def-meaning {
            color: #ddd; font-size: 0.85em; margin: 0; line-height: 1.4;
        }
        /* Table Confidence & Action Badges */
        .conf-badge {
            padding: 3px 8px; border-radius: 4px; font-size: 0.75em;
            font-weight: bold; display: inline-block;
        }
        .conf-badge.very_high { background: #2ed573; color: #1a1a2e; }
        .conf-badge.high { background: #00d4ff; color: #1a1a2e; }
        .conf-badge.medium { background: #ffa502; color: #1a1a2e; }
        .conf-badge.low { background: #888; color: #eee; }
        .action-badge {
            padding: 4px 10px; border-radius: 4px; font-size: 0.8em;
            font-weight: bold; display: inline-block; color: #1a1a2e;
        }
        .explanation-text {
            font-size: 0.75em; color: #888; display: block; margin-top: 4px;
        }
    </style>
</head>
<body>
    <h1>Plagiarism Detection Report</h1>

    <div class="summary">
        <div class="stat-card">
            <div class="stat-value">27</div>
            <div class="stat-label">Total Students</div>
        </div>
        <div class="stat-card">
            <div class="stat-value">54</div>
            <div class="stat-label">Flagged Pairs (≥50%)</div>
        </div>
        <div class="stat-card critical">
            <div class="stat-value">8</div>
            <div class="stat-label">Critical Risk Students</div>
        </div>
        <div class="stat-card high">
            <div class="stat-value">16</div>
            <div class="stat-label">High Risk Students</div>
        </div>
    </div>

    <div class="legend">
        <div class="legend-item"><div class="legend-dot critical"></div> Critical (≥95%) - Very likely plagiarism</div>
        <div class="legend-item"><div class="legend-dot high"></div> High (≥85%) - Suspicious</div>
        <div class="legend-item"><div class="legend-dot medium"></div> Medium (≥75%) - Review recommended</div>
    </div>

    
    <div class="suggestion-card">
        <h3>📊 Suggested Thresholds</h3>
        <p class="suggestion-subtitle">Based on statistical analysis of this dataset</p>
        <div class="suggestions-grid">
            <div class="suggestion-item critical">
                <div class="suggestion-label">Critical</div>
                <div class="suggestion-value">≥ 95%</div>
                <div class="suggestion-count">5 students</div>
            </div>
            <div class="suggestion-item high">
                <div class="suggestion-label">High</div>
                <div class="suggestion-value">≥ 85%</div>
                <div class="suggestion-count">2 students</div>
            </div>
            <div class="suggestion-item medium">
                <div class="suggestion-label">Medium</div>
                <div class="suggestion-value">≥ 75%</div>
                <div class="suggestion-count">1 students</div>
            </div>
        </div>
        <div class="suggestion-stats">
            <span>📈 27 students | Median: 63.1% | MAD: 10.7</span>
            <span class="confidence-badge" style="background: #ff4757;">
                Confidence: LOW
            </span>
        </div>
    </div>


    
    <div class="detector-info-panel">
        <h3>🔍 Detection Techniques Used</h3>
        <div class="detector-grid">
            <div class="detector-card">
                <div class="detector-header">
                    <strong>JPlag</strong>
                    <span class="technique-badge" style="background: #00d4ff;">TOKEN</span>
                </div>
                <p class="detector-desc">Token-based comparison</p>
                <div class="detector-details">
                    <span class="catches">✓ Variable renaming, statement reordering</span>
                    <span class="misses">✗ Structural refactoring, AST changes</span>
                </div>
            </div>
        </div>
    </div>


    
    <div class="action-definitions-panel">
        <h3>📋 Action Definitions</h3>
        <div class="action-def-grid">
            <div class="action-def-card">
                <div class="action-def-header">
                    <span class="action-def-badge" style="background: #ff4757;">🔴 INVESTIGATE</span>
                </div>
                <p class="action-def-when"><strong>When:</strong> High confidence + Critical score (≥89%)</p>
                <p class="action-def-meaning">Strong evidence of plagiarism. Multiple detectors using different techniques report very high similarity. Requires immediate investigation - compare the code directly.</p>
            </div>
            <div class="action-def-card">
                <div class="action-def-header">
                    <span class="action-def-badge" style="background: #ffa502;">🟠 REVIEW</span>
                </div>
                <p class="action-def-when"><strong>When:</strong> High confidence + High score (≥77%)</p>
                <p class="action-def-meaning">Likely plagiarism. Multiple techniques agree on high similarity. Detailed manual review needed - examine actual code structure and logic.</p>
            </div>
            <div class="action-def-card">
                <div class="action-def-header">
                    <span class="action-def-badge" style="background: #ffd43b;">🟡 CHECK</span>
                </div>
                <p class="action-def-when"><strong>When:</strong> High confidence + Medium score, or Medium confidence + High score</p>
                <p class="action-def-meaning">Possible plagiarism. Detectors agree but scores aren't extreme. Quick manual verification recommended.</p>
            </div>
            <div class="action-def-card">
                <div class="action-def-header">
                    <span class="action-def-badge" style="background: #888888;">⚪ VERIFY</span>
                </div>
                <p class="action-def-when"><strong>When:</strong> Low confidence (single detector)</p>
                <p class="action-def-meaning">Uncertain - could be false positive. Only one detector flagged this pair. Similarity might be coincidental (common algorithms, starter code). Verify before acting.</p>
            </div>
            <div class="action-def-card">
                <div class="action-def-header">
                    <span class="action-def-badge" style="background: #2ed573;">🟢 MONITOR</span>
                </div>
                <p class="action-def-when"><strong>When:</strong> Score below all thresholds</p>
                <p class="action-def-meaning">Low risk. Even if detectors agree, similarity is below concerning levels. No immediate action needed.</p>
            </div>
        </div>
    </div>


    <!-- Visualizations Section -->
    <h2>Visual Analysis</h2>
    <div class="tab-container">
        <div class="tab-buttons">
            <button class="tab-button active" onclick="showTab('heatmap')">Heatmap</button>
            <button class="tab-button" onclick="showTab('network')">Network</button>
            <button class="tab-button" onclick="showTab('barchart')">Risk Scores</button>
            <button class="tab-button" onclick="showTab('histogram')">Distribution</button>
        </div>
        <div id="heatmap" class="tab-content active chart-container">
            <div>                            <div id="2a1826ff-eee4-4e59-ae83-085c2d349180" class="plotly-graph-div" style="height:675px; width:100%;"></div>            <script type="text/javascript">                window.PLOTLYENV=window.PLOTLYENV || {};                                if (document.getElementById("2a1826ff-eee4-4e59-ae83-085c2d349180")) {                    Plotly.newPlot(                        "2a1826ff-eee4-4e59-ae83-085c2d349180",                        [{"colorbar":{"tickfont":{"color":"#eee"},"ticksuffix":"%","title":{"font":{"color":"#eee"},"text":"Similarity %"}},"colorscale":[[0.0,"#1a1a2e"],[0.375,"#16213e"],[0.75,"#ffd43b"],[0.85,"#ffa502"],[0.95,"#ff4757"],[1.0,"#ff0000"]],"hoverongaps":false,"hovertemplate":"%{y} \u2194 %{x}\u003cbr\u003eSimilarity: %{z:.1f}%\u003cextra\u003e\u003c\u002fextra\u003e","x":["DENIZ_KAYRA_AYDIN","BORA_ERDEM_ALAN","ISMAIL_EFE_YALCINKAYA","GPT","CLAUDE","YUSUF_ISA_ZERENUZ","EYLUL_COSKUN","SUDE_ATANSAY","ALGUHAN_KURULAR","MERTCAN_ARSLAN","ERDAL_DENIZ_OZBEY","YUSUF_ERDEM_ALTINSOY","IRMAK_ZEHRA_EMRI","EDHEM_TATAR","EMRE_ERGUL","OMER_FARUK_GUCER","HIRANUR_DENIZ","ALP_DIKMEN","SERHAT_YUNUSEMRE_KALPAKLI","AYSE_ALKAN","DEMIR_OZHAN","CEYDA_SENAY","AHMET_ZEKI_IHTIYAROGLU","EGE_HURIEL","ILAY_FATMA_YAVUZ","EREN_KOCAGOKCEN","BARIS_SAHIN"],"y":["DENIZ_KAYRA_AYDIN","BORA_ERDEM_ALAN","ISMAIL_EFE_YALCINKAYA","GPT","CLAUDE","YUSUF_ISA_ZERENUZ","EYLUL_COSKUN","SUDE_ATANSAY","ALGUHAN_KURULAR","MERTCAN_ARSLAN","ERDAL_DENIZ_OZBEY","YUSUF_ERDEM_ALTINSOY","IRMAK_ZEHRA_EMRI","EDHEM_TATAR","EMRE_ERGUL","OMER_FARUK_GUCER","HIRANUR_DENIZ","ALP_DIKMEN","SERHAT_YUNUSEMRE_KALPAKLI","AYSE_ALKAN","DEMIR_OZHAN","CEYDA_SENAY","AHMET_ZEKI_IHTIYAROGLU","EGE_HURIEL","ILAY_FATMA_YAVUZ","EREN_KOCAGOKCEN","BARIS_SAHIN"],"z":[[0.0,100.0,28.33,28.1,47.62,34.23,44.64,32.0,41.27,36.64,30.88,55.12,42.11,21.43,55.64,59.83,39.62,35.59,35.11,32.18,43.24,24.19,40.0,25.0,0.0,0.0,0.0],[100.0,0.0,21.31,21.14,31.25,33.63,35.09,26.77,56.25,31.58,27.54,21.71,29.63,18.31,42.96,33.61,24.07,33.33,30.08,29.21,34.67,9.52,34.43,21.31,0.0,0.0,0.0],[28.33,21.31,0.0,99.19,92.19,42.48,59.65,80.31,37.5,30.08,66.67,52.71,38.52,23.94,48.89,62.18,55.56,51.67,34.59,53.93,50.67,52.38,37.7,49.18,12.24,0.0,0.0],[28.1,21.14,99.19,0.0,96.12,28.07,48.7,73.44,27.91,19.4,63.31,43.08,38.24,23.78,39.71,53.33,55.05,41.32,22.39,53.33,42.38,51.97,37.4,48.78,0.0,0.0,0.0],[47.62,31.25,92.19,96.12,0.0,36.97,46.67,79.7,37.31,63.31,54.17,59.26,55.32,22.97,56.74,57.6,52.63,39.68,30.22,50.53,41.03,50.0,35.94,46.88,0.0,0.0,0.0],[34.23,33.63,42.48,28.07,36.97,0.0,89.52,40.68,43.7,20.97,31.01,31.67,30.16,28.57,38.1,40.0,32.32,39.64,30.65,45.0,46.81,20.51,24.78,30.09,29.21,0.0,0.0],[44.64,35.09,59.65,48.7,46.67,89.52,0.0,40.34,45.0,33.6,41.54,38.02,25.2,28.36,42.52,50.45,50.0,55.36,33.6,44.44,47.89,28.81,42.11,43.86,0.0,0.0,0.0],[32.0,26.77,80.31,73.44,79.7,40.68,40.34,0.0,52.63,31.88,64.34,52.24,44.29,20.41,42.86,45.16,42.48,40.0,33.33,51.06,42.58,44.27,25.2,47.24,11.65,0.0,0.0],[41.27,56.25,37.5,27.91,37.31,43.7,45.0,52.63,0.0,70.5,30.56,40.0,35.46,33.78,62.41,25.6,49.12,41.27,41.73,33.68,48.72,24.24,48.44,28.12,0.0,0.0,0.0],[36.64,31.58,30.08,19.4,63.31,20.97,33.6,31.88,70.5,0.0,17.45,32.86,30.14,39.22,32.88,33.85,21.85,42.75,54.17,14.0,27.33,17.52,31.58,21.05,11.01,14.29,0.0],[30.88,27.54,66.67,63.31,54.17,31.01,41.54,64.34,30.56,17.45,0.0,31.72,38.41,31.65,30.46,32.59,43.55,39.71,36.24,40.0,45.78,39.44,28.99,37.68,0.0,0.0,0.0],[55.12,21.71,52.71,43.08,59.26,31.67,38.02,52.24,40.0,32.86,31.72,0.0,64.79,63.09,50.7,53.97,38.26,45.67,40.0,29.17,42.04,40.6,35.66,32.56,0.0,0.0,0.0],[42.11,29.63,38.52,38.24,55.32,30.16,25.2,44.29,35.46,30.14,38.41,64.79,0.0,23.23,33.78,31.82,49.59,36.09,39.73,29.41,47.85,35.97,40.0,23.7,0.0,0.0,0.0],[21.43,18.31,23.94,23.78,22.97,28.57,28.36,20.41,33.78,39.22,31.65,63.09,23.23,0.0,32.26,23.02,12.5,40.0,37.91,14.68,37.65,26.03,25.35,45.07,0.0,12.9,0.0],[55.64,42.96,48.89,39.71,56.74,38.1,42.52,42.86,62.41,32.88,30.46,50.7,33.78,32.26,0.0,40.91,42.98,39.1,43.84,35.29,44.17,38.85,41.48,31.11,0.0,13.95,0.0],[59.83,33.61,62.18,53.33,57.6,40.0,50.45,45.16,25.6,33.85,32.59,53.97,31.82,23.02,40.91,0.0,36.19,42.74,36.92,27.91,36.73,24.39,36.97,23.53,12.63,0.0,0.0],[39.62,24.07,55.56,55.05,52.63,32.32,50.0,42.48,49.12,21.85,43.55,38.26,49.59,12.5,42.98,36.19,0.0,45.28,21.85,53.33,41.18,50.0,50.0,33.33,0.0,0.0,0.0],[35.59,33.33,51.67,41.32,39.68,39.64,55.36,40.0,41.27,42.75,39.71,45.67,36.09,40.0,39.1,42.74,45.28,0.0,45.8,41.38,50.0,38.71,43.33,40.0,0.0,0.0,0.0],[35.11,30.08,34.59,22.39,30.22,30.65,33.6,33.33,41.73,54.17,36.24,40.0,39.73,37.91,43.84,36.92,21.85,45.8,0.0,14.0,53.42,11.68,34.59,30.08,11.01,14.29,0.0],[32.18,29.21,53.93,53.33,50.53,45.0,44.44,51.06,33.68,14.0,40.0,29.17,29.41,14.68,35.29,27.91,53.33,41.38,14.0,0.0,30.77,40.86,31.46,40.45,0.0,0.0,0.0],[43.24,34.67,50.67,42.38,41.03,46.81,47.89,42.58,48.72,27.33,45.78,42.04,47.85,37.65,44.17,36.73,41.18,50.0,53.42,30.77,0.0,40.26,38.67,28.0,9.52,0.0,0.0],[24.19,9.52,52.38,51.97,50.0,20.51,28.81,44.27,24.24,17.52,39.44,40.6,35.97,26.03,38.85,24.39,50.0,38.71,11.68,40.86,40.26,0.0,44.44,28.57,11.76,0.0,0.0],[40.0,34.43,37.7,37.4,35.94,24.78,42.11,25.2,48.44,31.58,28.99,35.66,40.0,25.35,41.48,36.97,50.0,43.33,34.59,31.46,38.67,44.44,0.0,22.95,0.0,16.44,0.0],[25.0,21.31,49.18,48.78,46.88,30.09,43.86,47.24,28.12,21.05,37.68,32.56,23.7,45.07,31.11,23.53,33.33,40.0,30.08,40.45,28.0,28.57,22.95,0.0,0.0,0.0,0.0],[0.0,0.0,12.24,0.0,0.0,29.21,0.0,11.65,0.0,11.01,0.0,0.0,0.0,0.0,0.0,12.63,0.0,0.0,11.01,0.0,9.52,11.76,0.0,0.0,0.0,28.57,0.0],[0.0,0.0,0.0,0.0,0.0,0.0,0.0,0.0,0.0,14.29,0.0,0.0,0.0,12.9,13.95,0.0,0.0,0.0,14.29,0.0,0.0,0.0,16.44,0.0,28.57,0.0,0.0],[0.0,0.0,0.0,0.0,0.0,0.0,0.0,0.0,0.0,0.0,0.0,0.0,0.0,0.0,0.0,0.0,0.0,0.0,0.0,0.0,0.0,0.0,0.0,0.0,0.0,0.0,0.0]],"zmax":100,"zmin":0,"type":"heatmap"}],                        {"template":{"data":{"histogram2dcontour":[{"type":"histogram2dcontour","colorbar":{"outlinewidth":0,"ticks":""},"colorscale":[[0.0,"#0d0887"],[0.1111111111111111,"#46039f"],[0.2222222222222222,"#7201a8"],[0.3333333333333333,"#9c179e"],[0.4444444444444444,"#bd3786"],[0.5555555555555556,"#d8576b"],[0.6666666666666666,"#ed7953"],[0.7777777777777778,"#fb9f3a"],[0.8888888888888888,"#fdca26"],[1.0,"#f0f921"]]}],"choropleth":[{"type":"choropleth","colorbar":{"outlinewidth":0,"ticks":""}}],"histogram2d":[{"type":"histogram2d","colorbar":{"outlinewidth":0,"ticks":""},"colorscale":[[0.0,"#0d0887"],[0.1111111111111111,"#46039f"],[0.2222222222222222,"#7201a8"],[0.3333333333333333,"#9c179e"],[0.4444444444444444,"#bd3786"],[0.5555555555555556,"#d8576b"],[0.6666666666666666,"#ed7953"],[0.7777777777777778,"#fb9f3a"],[0.8888888888888888,"#fdca26"],[1.0,"#f0f921"]]}],"heatmap":[{"type":"heatmap","colorbar":{"outlinewidth":0,"ticks":""},"colorscale":[[0.0,"#0d0887"],[0.1111111111111111,"#46039f"],[0.2222222222222222,"#7201a8"],[0.3333333333333333,"#9c179e"],[0.4444444444444444,"#bd3786"],[0.5555555555555556,"#d8576b"],[0.6666666666666666,"#ed7953"],[0.7777777777777778,"#fb9f3a"],[0.8888888888888888,"#fdca26"],[1.0,"#f0f921"]]}],"contourcarpet":[{"type":"contourcarpet","colorbar":{"outlinewidth":0,"ticks":""}}],"contour":[{"type":"contour","colorbar":{"outlinewidth":0,"ticks":""},"colorscale":[[0.0,"#0d0887"],[0.1111111111111111,"#46039f"],[0.2222222222222222,"#7201a8"],[0.3333333333333333,"#9c179e"],[0.4444444444444444,"#bd3786"],[0.5555555555555556,"#d8576b"],[0.6666666666666666,"#ed7953"],[0.7777777777777778,"#fb9f3a"],[0.8888888888888888,"#fdca26"],[1.0,"#f0f921"]]}],"surface":[{"type":"surface","colorbar":{"outlinewidth":0,"ticks":""},"colorscale":[[0.0,"#0d0887"],[0.1111111111111111,"#46039f"],[0.2222222222222222,"#7201a8"],[0.3333333333333333,"#9c179e"],[0.4444444444444444,"#bd3786"],[0.5555555555555556,"#d8576b"],[0.6666666666666666,"#ed7953"],[0.7777777777777778,"#fb9f3a"],[0.8888888888888888,"#fdca26"],[1.0,"#f0f921"]]}],"mesh3d":[{"type":"mesh3d","colorbar":{"outlinewidth":0,"ticks":""}}],"scatter":[{"fillpattern":{"fillmode":"overlay","size":10,"solidity":0.2},"type":"scatter"}],"parcoords":[{"type":"parcoords","line":{"colorbar":{"outlinewidth":0,"ticks":""}}}],"scatterpolargl":[{"type":"scatterpolargl","marker":{"colorbar":{"outlinewidth":0,"ticks":""}}}],"bar":[{"error_x":{"color":"#2a3f5f"},"error_y":{"color":"#2a3f5f"},"marker":{"line":{"color":"#E5ECF6","width":0.5},"pattern":{"fillmode":"overlay","size":10,"solidity":0.2}},"type":"bar"}],"scattergeo":[{"type":"scattergeo","marker":{"colorbar":{"outlinewidth":0,"ticks":""}}}],"scatterpolar":[{"type":"scatterpolar","marker":{"colorbar":{"outlinewidth":0,"ticks":""}}}],"histogram":[{"marker":{"pattern":{"fillmode":"overlay","size":10,"solidity":0.2}},"type":"histogram"}],"scattergl":[{"type":"scattergl","marker":{"colorbar":{"outlinewidth":0,"ticks":""}}}],"scatter3d":[{"type":"scatter3d","line":{"colorbar":{"outlinewidth":0,"ticks":""}},"marker":{"colorbar":{"outlinewidth":0,"ticks":""}}}],"scattermap":[{"type":"scattermap","marker":{"colorbar":{"outlinewidth":0,"ticks":""}}}],"scattermapbox":[{"type":"scattermapbox","marker":{"colorbar":{"outlinewidth":0,"ticks":""}}}],"scatterternary":[{"type":"scatterternary","marker":{"colorbar":{"outlinewidth":0,"ticks":""}}}],"scattercarpet":[{"type":"scattercarpet","marker":{"colorbar":{"outlinewidth":0,"ticks":""}}}],"carpet":[{"aaxis":{"endlinecolor":"#2a3f5f","gridcolor":"white","linecolor":"white","minorgridcolor":"white","startlinecolor":"#2a3f5f"},"baxis":{"endlinecolor":"#2a3f5f","gridcolor":"white","linecolor":"white","minorgridcolor":"white","startlinecolor":"#2a3f5f"},"type":"carpet"}],"table":[{"cells":{"fill":{"color":"#EBF0F8"},"line":{"color":"white"}},"header":{"fill":{"color":"#C8D4E3"},"line":{"color":"white"}},"type":"table"}],"barpolar":[{"marker":{"line":{"color":"#E5ECF6","width":0.5},"pattern":{"fillmode":"overlay","size":10,"solidity":0.2}},"type":"barpolar"}],"pie":[{"automargin":true,"type":"pie"}]},"layout":{"autotypenumbers":"strict","colorway":["#636efa","#EF553B","#00cc96","#ab63fa","#FFA15A","#19d3f3","#FF6692","#B6E880","#FF97FF","#FECB52"],"font":{"color":"#2a3f5f"},"hovermode":"closest","hoverlabel":{"align":"left"},"paper_bgcolor":"white","plot_bgcolor":"#E5ECF6","polar":{"bgcolor":"#E5ECF6","angularaxis":{"gridcolor":"white","linecolor":"white","ticks":""},"radialaxis":{"gridcolor":"white","linecolor":"white","ticks":""}},"ternary":{"bgcolor":"#E5ECF6","aaxis":{"gridcolor":"white","linecolor":"white","ticks":""},"baxis":{"gridcolor":"white","linecolor":"white","ticks":""},"caxis":{"gridcolor":"white","linecolor":"white","ticks":""}},"coloraxis":{"colorbar":{"outlinewidth":0,"ticks":""}},"colorscale":{"sequential":[[0.0,"#0d0887"],[0.1111111111111111,"#46039f"],[0.2222222222222222,"#7201a8"],[0.3333333333333333,"#9c179e"],[0.4444444444444444,"#bd3786"],[0.5555555555555556,"#d8576b"],[0.6666666666666666,"#ed7953"],[0.7777777777777778,"#fb9f3a"],[0.8888888888888888,"#fdca26"],[1.0,"#f0f921"]],"sequentialminus":[[0.0,"#0d0887"],[0.1111111111111111,"#46039f"],[0.2222222222222222,"#7201a8"],[0.3333333333333333,"#9c179e"],[0.4444444444444444,"#bd3786"],[0.5555555555555556,"#d8576b"],[0.6666666666666666,"#ed7953"],[0.7777777777777778,"#fb9f3a"],[0.8888888888888888,"#fdca26"],[1.0,"#f0f921"]],"diverging":[[0,"#8e0152"],[0.1,"#c51b7d"],[0.2,"#de77ae"],[0.3,"#f1b6da"],[0.4,"#fde0ef"],[0.5,"#f7f7f7"],[0.6,"#e6f5d0"],[0.7,"#b8e186"],[0.8,"#7fbc41"],[0.9,"#4d9221"],[1,"#276419"]]},"xaxis":{"gridcolor":"white","linecolor":"white","ticks":"","title":{"standoff":15},"zerolinecolor":"white","automargin":true,"zerolinewidth":2},"yaxis":{"gridcolor":"white","linecolor":"white","ticks":"","title":{"standoff":15},"zerolinecolor":"white","automargin":true,"zerolinewidth":2},"scene":{"xaxis":{"backgroundcolor":"#E5ECF6","gridcolor":"white","linecolor":"white","showbackground":true,"ticks":"","zerolinecolor":"white","gridwidth":2},"yaxis":{"backgroundcolor":"#E5ECF6","gridcolor":"white","linecolor":"white","showbackground":true,"ticks":"","zerolinecolor":"white","gridwidth":2},"zaxis":{"backgroundcolor":"#E5ECF6","gridcolor":"white","linecolor":"white","showbackground":true,"ticks":"","zerolinecolor":"white","gridwidth":2}},"shapedefaults":{"line":{"color":"#2a3f5f"}},"annotationdefaults":{"arrowcolor":"#2a3f5f","arrowhead":0,"arrowwidth":1},"geo":{"bgcolor":"white","landcolor":"#E5ECF6","subunitcolor":"white","showland":true,"showlakes":true,"lakecolor":"white"},"title":{"x":0.05},"mapbox":{"style":"light"}}},"title":{"font":{"color":"#00d4ff"},"text":"Student Similarity Heatmap"},"font":{"color":"#eee"},"xaxis":{"tickangle":45,"side":"bottom","gridcolor":"#0f3460"},"yaxis":{"autorange":"reversed","gridcolor":"#0f3460"},"margin":{"l":150,"r":50,"t":50,"b":150},"paper_bgcolor":"#1a1a2e","plot_bgcolor":"#1a1a2e","height":675},                        {"responsive": true}                    )                };            </script>        </div>
        </div>
        <div id="network" class="tab-content chart-container">
