<!DOCTYPE html>
<html lang="en">
<head>
    <meta charset="UTF-8">
    <meta name="viewport" content="width=device-width, initial-scale=1.0">
    <title>Plagiarism Detection Report</title>
    <script src="https://cdn.plot.ly/plotly-2.27.0.min.js"></script>
    <style>
        * { box-sizing: border-box; }
        body {
            font-family: -apple-system, BlinkMacSystemFont, 'Segoe UI', Roboto, sans-serif;
            margin: 0; padding: 20px; background: #1a1a2e; color: #eee;
        }
        h1 { color: #00d4ff; border-bottom: 2px solid #00d4ff; padding-bottom: 10px; }
        h2 { color: #ff6b6b; margin-top: 30px; }
        .summary {
            display: grid; grid-template-columns: repeat(auto-fit, minmax(200px, 1fr));
            gap: 15px; margin: 20px 0;
        }
        .stat-card {
            background: #16213e; padding: 20px; border-radius: 10px;
            border-left: 4px solid #00d4ff;
        }
        .stat-card.critical { border-left-color: #ff4757; }
        .stat-card.high { border-left-color: #ffa502; }
        .stat-value { font-size: 2em; font-weight: bold; }
        .stat-label { color: #888; font-size: 0.9em; }
        table {
            width: 100%; border-collapse: collapse; margin: 20px 0;
            background: #16213e; border-radius: 10px; overflow: hidden;
        }
        th { background: #0f3460; color: #00d4ff; padding: 12px; text-align: left; }
        td { padding: 10px 12px; border-bottom: 1px solid #0f3460; }
        tr:hover { background: #1f4068; }
        .critical { color: #ff4757; font-weight: bold; }
        .high { color: #ffa502; font-weight: bold; }
        .medium { color: #ffd43b; }
        .low { color: #2ed573; }
        .badge {
            display: inline-block; padding: 3px 8px; border-radius: 4px;
            font-size: 0.8em; font-weight: bold;
        }
        .badge.critical { background: #ff4757; color: white; }
        .badge.high { background: #ffa502; color: black; }
        .badge.medium { background: #ffd43b; color: black; }
        .legend {
            margin: 20px 0; padding: 15px; background: #16213e;
            border-radius: 10px; display: flex; gap: 20px; flex-wrap: wrap;
        }
        .legend-item { display: flex; align-items: center; gap: 8px; }
        .legend-dot { width: 12px; height: 12px; border-radius: 50%; }
        .legend-dot.critical { background: #ff4757; }
        .legend-dot.high { background: #ffa502; }
        .legend-dot.medium { background: #ffd43b; }
        .chart-container {
            background: #16213e; border-radius: 10px; padding: 15px; margin: 20px 0;
        }
        .chart-row {
            display: grid; grid-template-columns: 1fr 1fr; gap: 20px; margin: 20px 0;
        }
        @media (max-width: 1200px) {
            .chart-row { grid-template-columns: 1fr; }
        }
        .tab-container {
            margin: 20px 0;
        }
        .tab-buttons {
            display: flex; gap: 10px; margin-bottom: 15px;
        }
        .tab-button {
            padding: 10px 20px; background: #16213e; border: none;
            color: #888; cursor: pointer; border-radius: 5px;
            transition: all 0.3s;
        }
        .tab-button:hover { background: #1f4068; color: #eee; }
        .tab-button.active { background: #0f3460; color: #00d4ff; }
        .tab-content { display: none; }
        .tab-content.active { display: block; }
    </style>
</head>
<body>
    <h1>Plagiarism Detection Report</h1>

    <div class="summary">
        <div class="stat-card">
            <div class="stat-value">28</div>
            <div class="stat-label">Total Students</div>
        </div>
        <div class="stat-card">
            <div class="stat-value">61</div>
            <div class="stat-label">Flagged Pairs (≥50%)</div>
        </div>
        <div class="stat-card critical">
            <div class="stat-value">2</div>
            <div class="stat-label">Critical Risk Students</div>
        </div>
        <div class="stat-card high">
            <div class="stat-value">16</div>
            <div class="stat-label">High Risk Students</div>
        </div>
    </div>

    <div class="legend">
        <div class="legend-item"><div class="legend-dot critical"></div> Critical (≥80%) - Very likely plagiarism</div>
        <div class="legend-item"><div class="legend-dot high"></div> High (≥60%) - Suspicious</div>
        <div class="legend-item"><div class="legend-dot medium"></div> Medium (≥40%) - Review recommended</div>
    </div>

    <!-- Visualizations Section -->
    <h2>Visual Analysis</h2>
    <div class="tab-container">
        <div class="tab-buttons">
            <button class="tab-button active" onclick="showTab('heatmap')">Heatmap</button>
            <button class="tab-button" onclick="showTab('network')">Network</button>
            <button class="tab-button" onclick="showTab('barchart')">Risk Scores</button>
            <button class="tab-button" onclick="showTab('histogram')">Distribution</button>
        </div>
        <div id="heatmap" class="tab-content active chart-container">
            <div>                            <div id="189160bb-a9e6-4b06-bc32-27f3ca53d27b" class="plotly-graph-div" style="height:700px; width:100%;"></div>            <script type="text/javascript">                window.PLOTLYENV=window.PLOTLYENV || {};                                if (document.getElementById("189160bb-a9e6-4b06-bc32-27f3ca53d27b")) {                    Plotly.newPlot(                        "189160bb-a9e6-4b06-bc32-27f3ca53d27b",                        [{"colorbar":{"tickfont":{"color":"#eee"},"ticksuffix":"%","title":{"font":{"color":"#eee"},"text":"Similarity %"}},"colorscale":[[0.0,"#1a1a2e"],[0.4,"#16213e"],[0.5,"#ffd43b"],[0.6,"#ffa502"],[0.8,"#ff4757"],[1.0,"#ff0000"]],"hoverongaps":false,"hovertemplate":"%{y} \u2194 %{x}\u003cbr\u003eSimilarity: %{z:.1f}%\u003cextra\u003e\u003c\u002fextra\u003e","x":["ISMAIL_EFE_YALCINKAYA","CLAUDE","ALP_EMRE_BAYBUGA","GPT","AYSE_ALKAN","SUDE_ATANSAY","DENIZ_KAYRA_AYDIN","BORA_ERDEM_ALAN","EREN_KOCAGOKCEN","HIRANUR_DENIZ","EYLUL_COSKUN","DEMIR_OZHAN","EMRE_ERGUL","OMER_FARUK_GUCER","ERDAL_DENIZ_OZBEY","AHMET_ZEKI_IHTIYAROGLU","MERTCAN_ARSLAN","IRMAK_ZEHRA_EMRI","YUSUF_ISA_ZERENUZ","ALGUHAN_KURULAR","YUSUF_ERDEM_ALTINSOY","ALP_DIKMEN","SERHAT_YUNUSEMRE_KALPAKLI","CEYDA_SENAY","EDHEM_TATAR","ILAY_FATMA_YAVUZ","EGE_HURIEL","BARIS_SAHIN"],"y":["ISMAIL_EFE_YALCINKAYA","CLAUDE","ALP_EMRE_BAYBUGA","GPT","AYSE_ALKAN","SUDE_ATANSAY","DENIZ_KAYRA_AYDIN","BORA_ERDEM_ALAN","EREN_KOCAGOKCEN","HIRANUR_DENIZ","EYLUL_COSKUN","DEMIR_OZHAN","EMRE_ERGUL","OMER_FARUK_GUCER","ERDAL_DENIZ_OZBEY","AHMET_ZEKI_IHTIYAROGLU","MERTCAN_ARSLAN","IRMAK_ZEHRA_EMRI","YUSUF_ISA_ZERENUZ","ALGUHAN_KURULAR","YUSUF_ERDEM_ALTINSOY","ALP_DIKMEN","SERHAT_YUNUSEMRE_KALPAKLI","CEYDA_SENAY","EDHEM_TATAR","ILAY_FATMA_YAVUZ","EGE_HURIEL","BARIS_SAHIN"],"z":[[0.0,90.14,69.96,76.99,62.52,68.09,36.38,26.81,39.82,43.75,52.2,36.28,46.6,36.37,55.35,42.21,27.89,45.74,46.9,31.62,32.04,37.33,46.92,32.84,39.2,37.64,31.65,26.93],[90.14,0.0,61.95,71.38,58.34,63.85,35.13,25.13,38.7,44.32,47.21,34.65,41.67,36.03,49.33,24.57,26.07,42.71,46.59,28.68,30.86,37.59,43.29,30.79,22.4,37.17,34.51,24.93],[69.96,61.95,0.0,77.03,52.56,55.36,33.22,38.91,56.67,37.38,39.94,43.97,43.27,37.81,57.54,47.26,54.31,46.97,48.71,35.45,41.47,33.97,51.5,38.19,46.55,42.19,38.24,29.51],[76.99,71.38,77.03,0.0,70.92,65.21,38.48,29.83,41.89,45.46,42.5,39.53,55.22,41.69,54.95,42.11,30.7,50.53,50.19,38.03,34.98,38.19,51.53,35.5,44.08,37.22,33.91,26.98],[62.52,58.34,52.56,70.92,0.0,52.6,40.09,28.5,50.24,46.51,41.77,42.66,31.57,43.52,60.59,42.11,35.16,28.94,36.28,41.78,44.03,40.85,34.25,35.31,27.36,35.71,38.36,27.78],[68.09,63.85,55.36,65.21,52.6,0.0,38.27,30.51,38.6,40.62,34.42,33.5,27.42,38.64,46.88,35.93,29.17,36.97,43.4,39.11,33.19,33.02,34.69,30.12,41.88,33.7,36.77,23.82],[36.38,35.13,33.22,38.48,40.09,38.27,0.0,67.89,50.85,42.69,39.19,38.79,54.05,61.12,37.0,26.2,34.15,49.3,50.38,41.15,41.95,52.75,34.79,38.28,30.9,35.85,28.41,31.83],[26.81,25.13,38.91,29.83,28.5,30.51,67.89,0.0,49.29,47.64,33.87,30.09,46.82,41.09,39.82,41.79,31.35,48.08,48.67,39.53,40.0,36.24,32.37,37.94,49.67,35.45,27.58,30.0],[39.82,38.7,56.67,41.89,50.24,38.6,50.85,49.29,0.0,67.32,65.23,49.81,61.29,52.58,41.01,52.72,51.76,51.73,55.06,52.61,52.79,51.19,51.88,50.52,49.76,49.21,47.68,35.17],[43.75,44.32,37.38,45.46,46.51,40.62,42.69,47.64,67.32,0.0,49.6,49.72,42.98,39.0,40.24,60.47,50.38,42.63,56.14,31.51,48.33,40.82,46.58,42.37,42.4,43.1,40.69,36.29],[52.2,47.21,39.94,42.5,41.77,34.42,39.19,33.87,65.23,49.6,0.0,62.35,52.51,40.48,51.72,50.4,43.39,51.46,36.94,53.07,31.89,48.72,43.35,47.87,47.57,40.65,31.32,32.96],[36.28,34.65,43.97,39.53,42.66,33.5,38.79,30.09,49.81,49.72,62.35,0.0,33.52,49.36,33.11,44.76,39.87,37.02,32.74,41.97,40.51,49.38,42.77,33.42,33.17,36.64,30.92,34.41],[46.6,41.67,43.27,55.22,31.57,27.42,54.05,46.82,61.29,42.98,52.51,33.52,0.0,57.89,37.07,41.88,34.6,33.52,34.97,38.47,48.03,34.4,37.05,40.4,32.32,36.1,28.75,29.56],[36.37,36.03,37.81,41.69,43.52,38.64,61.12,41.09,52.58,39.0,40.48,49.36,57.89,0.0,51.72,26.15,31.64,47.25,42.59,44.39,27.24,45.14,30.95,34.05,28.64,36.61,26.43,28.69],[55.35,49.33,57.54,54.95,60.59,46.88,37.0,39.82,41.01,40.24,51.72,33.11,37.07,51.72,0.0,38.3,52.24,36.13,33.28,31.86,39.65,35.23,47.27,36.72,46.25,35.11,42.89,26.9],[42.21,24.57,47.26,42.11,42.11,35.93,26.2,41.79,52.72,60.47,50.4,44.76,41.88,26.15,38.3,0.0,40.22,38.77,49.79,41.73,45.56,28.71,43.27,43.13,26.15,40.24,29.06,34.36],[27.89,26.07,54.31,30.7,35.16,29.17,34.15,31.35,51.76,50.38,43.39,39.87,34.6,31.64,52.24,40.22,0.0,56.95,28.3,45.78,44.6,51.68,42.41,35.06,33.43,36.96,43.3,29.12],[45.74,42.71,46.97,50.53,28.94,36.97,49.3,48.08,51.73,42.63,51.46,37.02,33.52,47.25,36.13,38.77,56.95,0.0,30.46,31.02,35.07,37.79,33.24,28.8,29.91,37.74,27.8,29.97],[46.9,46.59,48.71,50.19,36.28,43.4,50.38,48.67,55.06,56.14,36.94,32.74,34.97,42.59,33.28,49.79,28.3,30.46,0.0,30.77,27.52,30.99,30.06,37.99,32.94,40.25,42.06,27.56],[31.62,28.68,35.45,38.03,41.78,39.11,41.15,39.53,52.61,31.51,53.07,41.97,38.47,44.39,31.86,41.73,45.78,31.02,30.77,0.0,39.93,49.73,39.55,35.21,33.32,36.09,29.73,31.48],[32.04,30.86,41.47,34.98,44.03,33.19,41.95,40.0,52.79,48.33,31.89,40.51,48.03,27.24,39.65,45.56,44.6,35.07,27.52,39.93,0.0,44.32,41.88,35.94,24.08,40.73,32.15,27.5],[37.33,37.59,33.97,38.19,40.85,33.02,52.75,36.24,51.19,40.82,48.72,49.38,34.4,45.14,35.23,28.71,51.68,37.79,30.99,49.73,44.32,0.0,48.02,35.57,35.64,39.11,38.0,32.64],[46.92,43.29,51.5,51.53,34.25,34.69,34.79,32.37,51.88,46.58,43.35,42.77,37.05,30.95,47.27,43.27,42.41,33.24,30.06,39.55,41.88,48.02,0.0,40.92,32.57,37.82,42.07,37.98],[32.84,30.79,38.19,35.5,35.31,30.12,38.28,37.94,50.52,42.37,47.87,33.42,40.4,34.05,36.72,43.13,35.06,28.8,37.99,35.21,35.94,35.57,40.92,0.0,45.51,20.41,33.03,17.15],[39.2,22.4,46.55,44.08,27.36,41.88,30.9,49.67,49.76,42.4,47.57,33.17,32.32,28.64,46.25,26.15,33.43,29.91,32.94,33.32,24.08,35.64,32.57,45.51,0.0,34.51,33.35,32.07],[37.64,37.17,42.19,37.22,35.71,33.7,35.85,35.45,49.21,43.1,40.65,36.64,36.1,36.61,35.11,40.24,36.96,37.74,40.25,36.09,40.73,39.11,37.82,20.41,34.51,0.0,42.15,18.77],[31.65,34.51,38.24,33.91,38.36,36.77,28.41,27.58,47.68,40.69,31.32,30.92,28.75,26.43,42.89,29.06,43.3,27.8,42.06,29.73,32.15,38.0,42.07,33.03,33.35,42.15,0.0,28.69],[26.93,24.93,29.51,26.98,27.78,23.82,31.83,30.0,35.17,36.29,32.96,34.41,29.56,28.69,26.9,34.36,29.12,29.97,27.56,31.48,27.5,32.64,37.98,17.15,32.07,18.77,28.69,0.0]],"zmax":100,"zmin":0,"type":"heatmap"}],                        {"template":{"data":{"histogram2dcontour":[{"type":"histogram2dcontour","colorbar":{"outlinewidth":0,"ticks":""},"colorscale":[[0.0,"#0d0887"],[0.1111111111111111,"#46039f"],[0.2222222222222222,"#7201a8"],[0.3333333333333333,"#9c179e"],[0.4444444444444444,"#bd3786"],[0.5555555555555556,"#d8576b"],[0.6666666666666666,"#ed7953"],[0.7777777777777778,"#fb9f3a"],[0.8888888888888888,"#fdca26"],[1.0,"#f0f921"]]}],"choropleth":[{"type":"choropleth","colorbar":{"outlinewidth":0,"ticks":""}}],"histogram2d":[{"type":"histogram2d","colorbar":{"outlinewidth":0,"ticks":""},"colorscale":[[0.0,"#0d0887"],[0.1111111111111111,"#46039f"],[0.2222222222222222,"#7201a8"],[0.3333333333333333,"#9c179e"],[0.4444444444444444,"#bd3786"],[0.5555555555555556,"#d8576b"],[0.6666666666666666,"#ed7953"],[0.7777777777777778,"#fb9f3a"],[0.8888888888888888,"#fdca26"],[1.0,"#f0f921"]]}],"heatmap":[{"type":"heatmap","colorbar":{"outlinewidth":0,"ticks":""},"colorscale":[[0.0,"#0d0887"],[0.1111111111111111,"#46039f"],[0.2222222222222222,"#7201a8"],[0.3333333333333333,"#9c179e"],[0.4444444444444444,"#bd3786"],[0.5555555555555556,"#d8576b"],[0.6666666666666666,"#ed7953"],[0.7777777777777778,"#fb9f3a"],[0.8888888888888888,"#fdca26"],[1.0,"#f0f921"]]}],"contourcarpet":[{"type":"contourcarpet","colorbar":{"outlinewidth":0,"ticks":""}}],"contour":[{"type":"contour","colorbar":{"outlinewidth":0,"ticks":""},"colorscale":[[0.0,"#0d0887"],[0.1111111111111111,"#46039f"],[0.2222222222222222,"#7201a8"],[0.3333333333333333,"#9c179e"],[0.4444444444444444,"#bd3786"],[0.5555555555555556,"#d8576b"],[0.6666666666666666,"#ed7953"],[0.7777777777777778,"#fb9f3a"],[0.8888888888888888,"#fdca26"],[1.0,"#f0f921"]]}],"surface":[{"type":"surface","colorbar":{"outlinewidth":0,"ticks":""},"colorscale":[[0.0,"#0d0887"],[0.1111111111111111,"#46039f"],[0.2222222222222222,"#7201a8"],[0.3333333333333333,"#9c179e"],[0.4444444444444444,"#bd3786"],[0.5555555555555556,"#d8576b"],[0.6666666666666666,"#ed7953"],[0.7777777777777778,"#fb9f3a"],[0.8888888888888888,"#fdca26"],[1.0,"#f0f921"]]}],"mesh3d":[{"type":"mesh3d","colorbar":{"outlinewidth":0,"ticks":""}}],"scatter":[{"fillpattern":{"fillmode":"overlay","size":10,"solidity":0.2},"type":"scatter"}],"parcoords":[{"type":"parcoords","line":{"colorbar":{"outlinewidth":0,"ticks":""}}}],"scatterpolargl":[{"type":"scatterpolargl","marker":{"colorbar":{"outlinewidth":0,"ticks":""}}}],"bar":[{"error_x":{"color":"#2a3f5f"},"error_y":{"color":"#2a3f5f"},"marker":{"line":{"color":"#E5ECF6","width":0.5},"pattern":{"fillmode":"overlay","size":10,"solidity":0.2}},"type":"bar"}],"scattergeo":[{"type":"scattergeo","marker":{"colorbar":{"outlinewidth":0,"ticks":""}}}],"scatterpolar":[{"type":"scatterpolar","marker":{"colorbar":{"outlinewidth":0,"ticks":""}}}],"histogram":[{"marker":{"pattern":{"fillmode":"overlay","size":10,"solidity":0.2}},"type":"histogram"}],"scattergl":[{"type":"scattergl","marker":{"colorbar":{"outlinewidth":0,"ticks":""}}}],"scatter3d":[{"type":"scatter3d","line":{"colorbar":{"outlinewidth":0,"ticks":""}},"marker":{"colorbar":{"outlinewidth":0,"ticks":""}}}],"scattermap":[{"type":"scattermap","marker":{"colorbar":{"outlinewidth":0,"ticks":""}}}],"scattermapbox":[{"type":"scattermapbox","marker":{"colorbar":{"outlinewidth":0,"ticks":""}}}],"scatterternary":[{"type":"scatterternary","marker":{"colorbar":{"outlinewidth":0,"ticks":""}}}],"scattercarpet":[{"type":"scattercarpet","marker":{"colorbar":{"outlinewidth":0,"ticks":""}}}],"carpet":[{"aaxis":{"endlinecolor":"#2a3f5f","gridcolor":"white","linecolor":"white","minorgridcolor":"white","startlinecolor":"#2a3f5f"},"baxis":{"endlinecolor":"#2a3f5f","gridcolor":"white","linecolor":"white","minorgridcolor":"white","startlinecolor":"#2a3f5f"},"type":"carpet"}],"table":[{"cells":{"fill":{"color":"#EBF0F8"},"line":{"color":"white"}},"header":{"fill":{"color":"#C8D4E3"},"line":{"color":"white"}},"type":"table"}],"barpolar":[{"marker":{"line":{"color":"#E5ECF6","width":0.5},"pattern":{"fillmode":"overlay","size":10,"solidity":0.2}},"type":"barpolar"}],"pie":[{"automargin":true,"type":"pie"}]},"layout":{"autotypenumbers":"strict","colorway":["#636efa","#EF553B","#00cc96","#ab63fa","#FFA15A","#19d3f3","#FF6692","#B6E880","#FF97FF","#FECB52"],"font":{"color":"#2a3f5f"},"hovermode":"closest","hoverlabel":{"align":"left"},"paper_bgcolor":"white","plot_bgcolor":"#E5ECF6","polar":{"bgcolor":"#E5ECF6","angularaxis":{"gridcolor":"white","linecolor":"white","ticks":""},"radialaxis":{"gridcolor":"white","linecolor":"white","ticks":""}},"ternary":{"bgcolor":"#E5ECF6","aaxis":{"gridcolor":"white","linecolor":"white","ticks":""},"baxis":{"gridcolor":"white","linecolor":"white","ticks":""},"caxis":{"gridcolor":"white","linecolor":"white","ticks":""}},"coloraxis":{"colorbar":{"outlinewidth":0,"ticks":""}},"colorscale":{"sequential":[[0.0,"#0d0887"],[0.1111111111111111,"#46039f"],[0.2222222222222222,"#7201a8"],[0.3333333333333333,"#9c179e"],[0.4444444444444444,"#bd3786"],[0.5555555555555556,"#d8576b"],[0.6666666666666666,"#ed7953"],[0.7777777777777778,"#fb9f3a"],[0.8888888888888888,"#fdca26"],[1.0,"#f0f921"]],"sequentialminus":[[0.0,"#0d0887"],[0.1111111111111111,"#46039f"],[0.2222222222222222,"#7201a8"],[0.3333333333333333,"#9c179e"],[0.4444444444444444,"#bd3786"],[0.5555555555555556,"#d8576b"],[0.6666666666666666,"#ed7953"],[0.7777777777777778,"#fb9f3a"],[0.8888888888888888,"#fdca26"],[1.0,"#f0f921"]],"diverging":[[0,"#8e0152"],[0.1,"#c51b7d"],[0.2,"#de77ae"],[0.3,"#f1b6da"],[0.4,"#fde0ef"],[0.5,"#f7f7f7"],[0.6,"#e6f5d0"],[0.7,"#b8e186"],[0.8,"#7fbc41"],[0.9,"#4d9221"],[1,"#276419"]]},"xaxis":{"gridcolor":"white","linecolor":"white","ticks":"","title":{"standoff":15},"zerolinecolor":"white","automargin":true,"zerolinewidth":2},"yaxis":{"gridcolor":"white","linecolor":"white","ticks":"","title":{"standoff":15},"zerolinecolor":"white","automargin":true,"zerolinewidth":2},"scene":{"xaxis":{"backgroundcolor":"#E5ECF6","gridcolor":"white","linecolor":"white","showbackground":true,"ticks":"","zerolinecolor":"white","gridwidth":2},"yaxis":{"backgroundcolor":"#E5ECF6","gridcolor":"white","linecolor":"white","showbackground":true,"ticks":"","zerolinecolor":"white","gridwidth":2},"zaxis":{"backgroundcolor":"#E5ECF6","gridcolor":"white","linecolor":"white","showbackground":true,"ticks":"","zerolinecolor":"white","gridwidth":2}},"shapedefaults":{"line":{"color":"#2a3f5f"}},"annotationdefaults":{"arrowcolor":"#2a3f5f","arrowhead":0,"arrowwidth":1},"geo":{"bgcolor":"white","landcolor":"#E5ECF6","subunitcolor":"white","showland":true,"showlakes":true,"lakecolor":"white"},"title":{"x":0.05},"mapbox":{"style":"light"}}},"title":{"font":{"color":"#00d4ff"},"text":"Student Similarity Heatmap"},"font":{"color":"#eee"},"xaxis":{"tickangle":45,"side":"bottom","gridcolor":"#0f3460"},"yaxis":{"autorange":"reversed","gridcolor":"#0f3460"},"margin":{"l":150,"r":50,"t":50,"b":150},"paper_bgcolor":"#1a1a2e","plot_bgcolor":"#1a1a2e","height":700},                        {"responsive": true}                    )                };            </script>        </div>
        </div>
        <div id="network" class="tab-content chart-container">
            <div>                            <div id="945720a8-89ea-4d4c-aae6-36a95ee3a4f5" class="plotly-graph-div" style="height:600px; width:100%;"></div>            <script type="text/javascript">                window.PLOTLYENV=window.PLOTLYENV || {};                                if (document.getElementById("945720a8-89ea-4d4c-aae6-36a95ee3a4f5")) {                    Plotly.newPlot(                        "945720a8-89ea-4d4c-aae6-36a95ee3a4f5",                        [{"hoverinfo":"none","line":{"color":"#ff4757","width":3},"mode":"lines","showlegend":false,"x":[0.176724726199501,0.1870077042055546,null],"y":[0.5835117149087791,0.8297325439342491,null],"type":"scatter"},{"hoverinfo":"none","line":{"color":"#ffa502","width":2},"mode":"lines","showlegend":false,"x":[0.176724726199501,-0.007584887478936839,null],"y":[0.5835117149087791,0.39683233087869024,null],"type":"scatter"},{"hoverinfo":"none","line":{"color":"#ffa502","width":2},"mode":"lines","showlegend":false,"x":[0.176724726199501,-0.05636903878358131,null],"y":[0.5835117149087791,0.5326300134148667,null],"type":"scatter"},{"hoverinfo":"none","line":{"color":"#ffa502","width":2},"mode":"lines","showlegend":false,"x":[0.176724726199501,0.012401053667664157,null],"y":[0.5835117149087791,0.8577470034644222,null],"type":"scatter"},{"hoverinfo":"none","line":{"color":"#ffa502","width":2},"mode":"lines","showlegend":false,"x":[0.176724726199501,0.25428532797470865,null],"y":[0.5835117149087791,0.5157538642531247,null],"type":"scatter"},{"hoverinfo":"none","line":{"color":"#ffd43b","width":1},"mode":"lines","showlegend":false,"x":[0.176724726199501,0.0583077419319974,null],"y":[0.5835117149087791,0.24585270622086391,null],"type":"scatter"},{"hoverinfo":"none","line":{"color":"#ffd43b","width":1},"mode":"lines","showlegend":false,"x":[0.176724726199501,0.33439677036946114,null],"y":[0.5835117149087791,-0.1401812088018933,null],"type":"scatter"},{"hoverinfo":"none","line":{"color":"#ffa502","width":2},"mode":"lines","showlegend":false,"x":[0.1870077042055546,-0.007584887478936839,null],"y":[0.8297325439342491,0.39683233087869024,null],"type":"scatter"},{"hoverinfo":"none","line":{"color":"#ffa502","width":2},"mode":"lines","showlegend":false,"x":[0.1870077042055546,0.012401053667664157,null],"y":[0.8297325439342491,0.8577470034644222,null],"type":"scatter"},{"hoverinfo":"none","line":{"color":"#ffa502","width":2},"mode":"lines","showlegend":false,"x":[0.1870077042055546,-0.05636903878358131,null],"y":[0.8297325439342491,0.5326300134148667,null],"type":"scatter"},{"hoverinfo":"none","line":{"color":"#ffd43b","width":1},"mode":"lines","showlegend":false,"x":[0.1870077042055546,0.25428532797470865,null],"y":[0.8297325439342491,0.5157538642531247,null],"type":"scatter"},{"hoverinfo":"none","line":{"color":"#ffa502","width":2},"mode":"lines","showlegend":false,"x":[-0.05636903878358131,-0.007584887478936839,null],"y":[0.5326300134148667,0.39683233087869024,null],"type":"scatter"},{"hoverinfo":"none","line":{"color":"#ffd43b","width":1},"mode":"lines","showlegend":false,"x":[-0.05636903878358131,0.0583077419319974,null],"y":[0.5326300134148667,0.24585270622086391,null],"type":"scatter"},{"hoverinfo":"none","line":{"color":"#ffd43b","width":1},"mode":"lines","showlegend":false,"x":[-0.05636903878358131,0.015686208776874967,null],"y":[0.5326300134148667,-0.06912993479272105,null],"type":"scatter"},{"hoverinfo":"none","line":{"color":"#ffd43b","width":1},"mode":"lines","showlegend":false,"x":[-0.05636903878358131,0.012401053667664157,null],"y":[0.5326300134148667,0.8577470034644222,null],"type":"scatter"},{"hoverinfo":"none","line":{"color":"#ffd43b","width":1},"mode":"lines","showlegend":false,"x":[-0.05636903878358131,-0.11956368722442894,null],"y":[0.5326300134148667,0.05416649171950809,null],"type":"scatter"},{"hoverinfo":"none","line":{"color":"#ffd43b","width":1},"mode":"lines","showlegend":false,"x":[-0.05636903878358131,0.25428532797470865,null],"y":[0.5326300134148667,0.5157538642531247,null],"type":"scatter"},{"hoverinfo":"none","line":{"color":"#ffd43b","width":1},"mode":"lines","showlegend":false,"x":[-0.05636903878358131,-0.3672496141827164,null],"y":[0.5326300134148667,0.4570218425006535,null],"type":"scatter"},{"hoverinfo":"none","line":{"color":"#ffa502","width":2},"mode":"lines","showlegend":false,"x":[-0.007584887478936839,0.25428532797470865,null],"y":[0.39683233087869024,0.5157538642531247,null],"type":"scatter"},{"hoverinfo":"none","line":{"color":"#ffa502","width":2},"mode":"lines","showlegend":false,"x":[-0.007584887478936839,0.012401053667664157,null],"y":[0.39683233087869024,0.8577470034644222,null],"type":"scatter"},{"hoverinfo":"none","line":{"color":"#ffd43b","width":1},"mode":"lines","showlegend":false,"x":[-0.007584887478936839,-0.17499008809985037,null],"y":[0.39683233087869024,-0.14269484069077545,null],"type":"scatter"},{"hoverinfo":"none","line":{"color":"#ffd43b","width":1},"mode":"lines","showlegend":false,"x":[-0.007584887478936839,0.0583077419319974,null],"y":[0.39683233087869024,0.24585270622086391,null],"type":"scatter"},{"hoverinfo":"none","line":{"color":"#ffd43b","width":1},"mode":"lines","showlegend":false,"x":[-0.007584887478936839,-0.3672496141827164,null],"y":[0.39683233087869024,0.4570218425006535,null],"type":"scatter"},{"hoverinfo":"none","line":{"color":"#ffd43b","width":1},"mode":"lines","showlegend":false,"x":[-0.007584887478936839,0.314312735375573,null],"y":[0.39683233087869024,0.1406103354186355,null],"type":"scatter"},{"hoverinfo":"none","line":{"color":"#ffd43b","width":1},"mode":"lines","showlegend":false,"x":[-0.007584887478936839,-0.15214199102480225,null],"y":[0.39683233087869024,-0.3193171960831907,null],"type":"scatter"},{"hoverinfo":"none","line":{"color":"#ffa502","width":2},"mode":"lines","showlegend":false,"x":[0.25428532797470865,0.0583077419319974,null],"y":[0.5157538642531247,0.24585270622086391,null],"type":"scatter"},{"hoverinfo":"none","line":{"color":"#ffd43b","width":1},"mode":"lines","showlegend":false,"x":[0.25428532797470865,0.012401053667664157,null],"y":[0.5157538642531247,0.8577470034644222,null],"type":"scatter"},{"hoverinfo":"none","line":{"color":"#ffd43b","width":1},"mode":"lines","showlegend":false,"x":[0.25428532797470865,0.015686208776874967,null],"y":[0.5157538642531247,-0.06912993479272105,null],"type":"scatter"},{"hoverinfo":"none","line":{"color":"#ffa502","width":2},"mode":"lines","showlegend":false,"x":[-0.4458456472153509,-0.774534763532517,null],"y":[-0.5339599529293066,-0.9999999999999999,null],"type":"scatter"},{"hoverinfo":"none","line":{"color":"#ffa502","width":2},"mode":"lines","showlegend":false,"x":[-0.4458456472153509,-0.3998170197765993,null],"y":[-0.5339599529293066,-0.10444933827286733,null],"type":"scatter"},{"hoverinfo":"none","line":{"color":"#ffd43b","width":1},"mode":"lines","showlegend":false,"x":[-0.4458456472153509,-0.17499008809985037,null],"y":[-0.5339599529293066,-0.14269484069077545,null],"type":"scatter"},{"hoverinfo":"none","line":{"color":"#ffd43b","width":1},"mode":"lines","showlegend":false,"x":[-0.4458456472153509,-0.5024389090992384,null],"y":[-0.5339599529293066,-0.30218701701604844,null],"type":"scatter"},{"hoverinfo":"none","line":{"color":"#ffd43b","width":1},"mode":"lines","showlegend":false,"x":[-0.4458456472153509,0.015686208776874967,null],"y":[-0.5339599529293066,-0.06912993479272105,null],"type":"scatter"},{"hoverinfo":"none","line":{"color":"#ffd43b","width":1},"mode":"lines","showlegend":false,"x":[-0.4458456472153509,-0.15214199102480225,null],"y":[-0.5339599529293066,-0.3193171960831907,null],"type":"scatter"},{"hoverinfo":"none","line":{"color":"#ffa502","width":2},"mode":"lines","showlegend":false,"x":[0.015686208776874967,0.06677185578107846,null],"y":[-0.06912993479272105,-0.4609428144500368,null],"type":"scatter"},{"hoverinfo":"none","line":{"color":"#ffa502","width":2},"mode":"lines","showlegend":false,"x":[0.015686208776874967,0.33439677036946114,null],"y":[-0.06912993479272105,-0.1401812088018933,null],"type":"scatter"},{"hoverinfo":"none","line":{"color":"#ffa502","width":2},"mode":"lines","showlegend":false,"x":[0.015686208776874967,-0.17499008809985037,null],"y":[-0.06912993479272105,-0.14269484069077545,null],"type":"scatter"},{"hoverinfo":"none","line":{"color":"#ffd43b","width":1},"mode":"lines","showlegend":false,"x":[0.015686208776874967,-0.15214199102480225,null],"y":[-0.06912993479272105,-0.3193171960831907,null],"type":"scatter"},{"hoverinfo":"none","line":{"color":"#ffd43b","width":1},"mode":"lines","showlegend":false,"x":[0.015686208776874967,-0.7300835841325859,null],"y":[-0.06912993479272105,0.019989144795179617,null],"type":"scatter"},{"hoverinfo":"none","line":{"color":"#ffd43b","width":1},"mode":"lines","showlegend":false,"x":[0.015686208776874967,0.34733676170964217,null],"y":[-0.06912993479272105,-0.5170866637930376,null],"type":"scatter"},{"hoverinfo":"none","line":{"color":"#ffd43b","width":1},"mode":"lines","showlegend":false,"x":[0.015686208776874967,0.6248295054220903,null],"y":[-0.06912993479272105,-0.2992481209763079,null],"type":"scatter"},{"hoverinfo":"none","line":{"color":"#ffd43b","width":1},"mode":"lines","showlegend":false,"x":[0.015686208776874967,-0.3998170197765993,null],"y":[-0.06912993479272105,-0.10444933827286733,null],"type":"scatter"},{"hoverinfo":"none","line":{"color":"#ffd43b","width":1},"mode":"lines","showlegend":false,"x":[0.015686208776874967,-0.3672496141827164,null],"y":[-0.06912993479272105,0.4570218425006535,null],"type":"scatter"},{"hoverinfo":"none","line":{"color":"#ffd43b","width":1},"mode":"lines","showlegend":false,"x":[0.015686208776874967,-0.11956368722442894,null],"y":[-0.06912993479272105,0.05416649171950809,null],"type":"scatter"},{"hoverinfo":"none","line":{"color":"#ffd43b","width":1},"mode":"lines","showlegend":false,"x":[0.015686208776874967,0.314312735375573,null],"y":[-0.06912993479272105,0.1406103354186355,null],"type":"scatter"},{"hoverinfo":"none","line":{"color":"#ffd43b","width":1},"mode":"lines","showlegend":false,"x":[0.015686208776874967,-0.5024389090992384,null],"y":[-0.06912993479272105,-0.30218701701604844,null],"type":"scatter"},{"hoverinfo":"none","line":{"color":"#ffd43b","width":1},"mode":"lines","showlegend":false,"x":[0.015686208776874967,0.765760498493363,null],"y":[-0.06912993479272105,0.012473655007774592,null],"type":"scatter"},{"hoverinfo":"none","line":{"color":"#ffa502","width":2},"mode":"lines","showlegend":false,"x":[0.06677185578107846,0.34733676170964217,null],"y":[-0.4609428144500368,-0.5170866637930376,null],"type":"scatter"},{"hoverinfo":"none","line":{"color":"#ffd43b","width":1},"mode":"lines","showlegend":false,"x":[0.06677185578107846,-0.15214199102480225,null],"y":[-0.4609428144500368,-0.3193171960831907,null],"type":"scatter"},{"hoverinfo":"none","line":{"color":"#ffd43b","width":1},"mode":"lines","showlegend":false,"x":[0.06677185578107846,-0.11956368722442894,null],"y":[-0.4609428144500368,0.05416649171950809,null],"type":"scatter"},{"hoverinfo":"none","line":{"color":"#ffa502","width":2},"mode":"lines","showlegend":false,"x":[0.33439677036946114,0.5727983406431005,null],"y":[-0.1401812088018933,-0.7571245587105603,null],"type":"scatter"},{"hoverinfo":"none","line":{"color":"#ffd43b","width":1},"mode":"lines","showlegend":false,"x":[0.33439677036946114,0.6248295054220903,null],"y":[-0.1401812088018933,-0.2992481209763079,null],"type":"scatter"},{"hoverinfo":"none","line":{"color":"#ffd43b","width":1},"mode":"lines","showlegend":false,"x":[0.33439677036946114,-0.17499008809985037,null],"y":[-0.1401812088018933,-0.14269484069077545,null],"type":"scatter"},{"hoverinfo":"none","line":{"color":"#ffd43b","width":1},"mode":"lines","showlegend":false,"x":[0.33439677036946114,0.0583077419319974,null],"y":[-0.1401812088018933,0.24585270622086391,null],"type":"scatter"},{"hoverinfo":"none","line":{"color":"#ffd43b","width":1},"mode":"lines","showlegend":false,"x":[0.33439677036946114,0.314312735375573,null],"y":[-0.1401812088018933,0.1406103354186355,null],"type":"scatter"},{"hoverinfo":"none","line":{"color":"#ffd43b","width":1},"mode":"lines","showlegend":false,"x":[0.33439677036946114,0.34733676170964217,null],"y":[-0.1401812088018933,-0.5170866637930376,null],"type":"scatter"},{"hoverinfo":"none","line":{"color":"#ffd43b","width":1},"mode":"lines","showlegend":false,"x":[-0.17499008809985037,-0.3998170197765993,null],"y":[-0.14269484069077545,-0.10444933827286733,null],"type":"scatter"},{"hoverinfo":"none","line":{"color":"#ffd43b","width":1},"mode":"lines","showlegend":false,"x":[-0.3998170197765993,0.0583077419319974,null],"y":[-0.10444933827286733,0.24585270622086391,null],"type":"scatter"},{"hoverinfo":"none","line":{"color":"#ffd43b","width":1},"mode":"lines","showlegend":false,"x":[0.0583077419319974,-0.11956368722442894,null],"y":[0.24585270622086391,0.05416649171950809,null],"type":"scatter"},{"hoverinfo":"none","line":{"color":"#ffd43b","width":1},"mode":"lines","showlegend":false,"x":[-0.11956368722442894,0.314312735375573,null],"y":[0.05416649171950809,0.1406103354186355,null],"type":"scatter"},{"hoverinfo":"none","line":{"color":"#ffd43b","width":1},"mode":"lines","showlegend":false,"x":[-0.11956368722442894,-0.5024389090992384,null],"y":[0.05416649171950809,-0.30218701701604844,null],"type":"scatter"},{"hovertemplate":"%{text}\u003cbr\u003eMax similarity: %{marker.color:.1f}%\u003cextra\u003e\u003c\u002fextra\u003e","marker":{"cmax":100,"cmin":50.0,"color":[90.14,90.14,77.03,77.03,70.92,68.09,67.89,67.89,67.32,67.32,65.23,62.35,61.29,61.12,60.59,60.47,56.95,56.95,56.14,53.07,52.79,52.75,51.88,50.52],"colorbar":{"tickfont":{"color":"#eee"},"ticksuffix":"%","title":{"font":{"color":"#eee"},"text":"Max Sim %"}},"colorscale":[[0.0,"#2ed573"],[0.5,"#ffd43b"],[0.6,"#ffa502"],[0.8,"#ff4757"],[1.0,"#ff0000"]],"line":{"color":"#0f3460","width":2},"size":[56,40,72,80,56,40,48,20,128,32,64,20,40,32,56,24,48,32,32,20,20,24,24,20]},"mode":"markers+text","text":["ISMAIL_EFE_YALCINKAYA","CLAUDE","ALP_EMRE_BAYBUGA","GPT","AYSE_ALKAN","SUDE_ATANSAY","DENIZ_KAYRA_AYDIN","BORA_ERDEM_ALAN","EREN_KOCAGOKCEN","HIRANUR_DENIZ","EYLUL_COSKUN","DEMIR_OZHAN","EMRE_ERGUL","OMER_FARUK_GUCER","ERDAL_DENIZ_OZBEY","AHMET_ZEKI_IHTIYAROGLU","MERTCAN_ARSLAN","IRMAK_ZEHRA_EMRI","YUSUF_ISA_ZERENUZ","ALGUHAN_KURULAR","YUSUF_ERDEM_ALTINSOY","ALP_DIKMEN","SERHAT_YUNUSEMRE_KALPAKLI","CEYDA_SENAY"],"textfont":{"color":"#eee","size":10},"textposition":"top center","x":[0.176724726199501,0.1870077042055546,-0.05636903878358131,-0.007584887478936839,0.25428532797470865,0.012401053667664157,-0.4458456472153509,-0.774534763532517,0.015686208776874967,0.06677185578107846,0.33439677036946114,0.5727983406431005,-0.17499008809985037,-0.3998170197765993,0.0583077419319974,0.34733676170964217,-0.11956368722442894,0.314312735375573,-0.15214199102480225,0.6248295054220903,-0.7300835841325859,-0.5024389090992384,-0.3672496141827164,0.765760498493363],"y":[0.5835117149087791,0.8297325439342491,0.5326300134148667,0.39683233087869024,0.5157538642531247,0.8577470034644222,-0.5339599529293066,-0.9999999999999999,-0.06912993479272105,-0.4609428144500368,-0.1401812088018933,-0.7571245587105603,-0.14269484069077545,-0.10444933827286733,0.24585270622086391,-0.5170866637930376,0.05416649171950809,0.1406103354186355,-0.3193171960831907,-0.2992481209763079,0.019989144795179617,-0.30218701701604844,0.4570218425006535,0.012473655007774592],"type":"scatter"}],                        {"template":{"data":{"histogram2dcontour":[{"type":"histogram2dcontour","colorbar":{"outlinewidth":0,"ticks":""},"colorscale":[[0.0,"#0d0887"],[0.1111111111111111,"#46039f"],[0.2222222222222222,"#7201a8"],[0.3333333333333333,"#9c179e"],[0.4444444444444444,"#bd3786"],[0.5555555555555556,"#d8576b"],[0.6666666666666666,"#ed7953"],[0.7777777777777778,"#fb9f3a"],[0.8888888888888888,"#fdca26"],[1.0,"#f0f921"]]}],"choropleth":[{"type":"choropleth","colorbar":{"outlinewidth":0,"ticks":""}}],"histogram2d":[{"type":"histogram2d","colorbar":{"outlinewidth":0,"ticks":""},"colorscale":[[0.0,"#0d0887"],[0.1111111111111111,"#46039f"],[0.2222222222222222,"#7201a8"],[0.3333333333333333,"#9c179e"],[0.4444444444444444,"#bd3786"],[0.5555555555555556,"#d8576b"],[0.6666666666666666,"#ed7953"],[0.7777777777777778,"#fb9f3a"],[0.8888888888888888,"#fdca26"],[1.0,"#f0f921"]]}],"heatmap":[{"type":"heatmap","colorbar":{"outlinewidth":0,"ticks":""},"colorscale":[[0.0,"#0d0887"],[0.1111111111111111,"#46039f"],[0.2222222222222222,"#7201a8"],[0.3333333333333333,"#9c179e"],[0.4444444444444444,"#bd3786"],[0.5555555555555556,"#d8576b"],[0.6666666666666666,"#ed7953"],[0.7777777777777778,"#fb9f3a"],[0.8888888888888888,"#fdca26"],[1.0,"#f0f921"]]}],"contourcarpet":[{"type":"contourcarpet","colorbar":{"outlinewidth":0,"ticks":""}}],"contour":[{"type":"contour","colorbar":{"outlinewidth":0,"ticks":""},"colorscale":[[0.0,"#0d0887"],[0.1111111111111111,"#46039f"],[0.2222222222222222,"#7201a8"],[0.3333333333333333,"#9c179e"],[0.4444444444444444,"#bd3786"],[0.5555555555555556,"#d8576b"],[0.6666666666666666,"#ed7953"],[0.7777777777777778,"#fb9f3a"],[0.8888888888888888,"#fdca26"],[1.0,"#f0f921"]]}],"surface":[{"type":"surface","colorbar":{"outlinewidth":0,"ticks":""},"colorscale":[[0.0,"#0d0887"],[0.1111111111111111,"#46039f"],[0.2222222222222222,"#7201a8"],[0.3333333333333333,"#9c179e"],[0.4444444444444444,"#bd3786"],[0.5555555555555556,"#d8576b"],[0.6666666666666666,"#ed7953"],[0.7777777777777778,"#fb9f3a"],[0.8888888888888888,"#fdca26"],[1.0,"#f0f921"]]}],"mesh3d":[{"type":"mesh3d","colorbar":{"outlinewidth":0,"ticks":""}}],"scatter":[{"fillpattern":{"fillmode":"overlay","size":10,"solidity":0.2},"type":"scatter"}],"parcoords":[{"type":"parcoords","line":{"colorbar":{"outlinewidth":0,"ticks":""}}}],"scatterpolargl":[{"type":"scatterpolargl","marker":{"colorbar":{"outlinewidth":0,"ticks":""}}}],"bar":[{"error_x":{"color":"#2a3f5f"},"error_y":{"color":"#2a3f5f"},"marker":{"line":{"color":"#E5ECF6","width":0.5},"pattern":{"fillmode":"overlay","size":10,"solidity":0.2}},"type":"bar"}],"scattergeo":[{"type":"scattergeo","marker":{"colorbar":{"outlinewidth":0,"ticks":""}}}],"scatterpolar":[{"type":"scatterpolar","marker":{"colorbar":{"outlinewidth":0,"ticks":""}}}],"histogram":[{"marker":{"pattern":{"fillmode":"overlay","size":10,"solidity":0.2}},"type":"histogram"}],"scattergl":[{"type":"scattergl","marker":{"colorbar":{"outlinewidth":0,"ticks":""}}}],"scatter3d":[{"type":"scatter3d","line":{"colorbar":{"outlinewidth":0,"ticks":""}},"marker":{"colorbar":{"outlinewidth":0,"ticks":""}}}],"scattermap":[{"type":"scattermap","marker":{"colorbar":{"outlinewidth":0,"ticks":""}}}],"scattermapbox":[{"type":"scattermapbox","marker":{"colorbar":{"outlinewidth":0,"ticks":""}}}],"scatterternary":[{"type":"scatterternary","marker":{"colorbar":{"outlinewidth":0,"ticks":""}}}],"scattercarpet":[{"type":"scattercarpet","marker":{"colorbar":{"outlinewidth":0,"ticks":""}}}],"carpet":[{"aaxis":{"endlinecolor":"#2a3f5f","gridcolor":"white","linecolor":"white","minorgridcolor":"white","startlinecolor":"#2a3f5f"},"baxis":{"endlinecolor":"#2a3f5f","gridcolor":"white","linecolor":"white","minorgridcolor":"white","startlinecolor":"#2a3f5f"},"type":"carpet"}],"table":[{"cells":{"fill":{"color":"#EBF0F8"},"line":{"color":"white"}},"header":{"fill":{"color":"#C8D4E3"},"line":{"color":"white"}},"type":"table"}],"barpolar":[{"marker":{"line":{"color":"#E5ECF6","width":0.5},"pattern":{"fillmode":"overlay","size":10,"solidity":0.2}},"type":"barpolar"}],"pie":[{"automargin":true,"type":"pie"}]},"layout":{"autotypenumbers":"strict","colorway":["#636efa","#EF553B","#00cc96","#ab63fa","#FFA15A","#19d3f3","#FF6692","#B6E880","#FF97FF","#FECB52"],"font":{"color":"#2a3f5f"},"hovermode":"closest","hoverlabel":{"align":"left"},"paper_bgcolor":"white","plot_bgcolor":"#E5ECF6","polar":{"bgcolor":"#E5ECF6","angularaxis":{"gridcolor":"white","linecolor":"white","ticks":""},"radialaxis":{"gridcolor":"white","linecolor":"white","ticks":""}},"ternary":{"bgcolor":"#E5ECF6","aaxis":{"gridcolor":"white","linecolor":"white","ticks":""},"baxis":{"gridcolor":"white","linecolor":"white","ticks":""},"caxis":{"gridcolor":"white","linecolor":"white","ticks":""}},"coloraxis":{"colorbar":{"outlinewidth":0,"ticks":""}},"colorscale":{"sequential":[[0.0,"#0d0887"],[0.1111111111111111,"#46039f"],[0.2222222222222222,"#7201a8"],[0.3333333333333333,"#9c179e"],[0.4444444444444444,"#bd3786"],[0.5555555555555556,"#d8576b"],[0.6666666666666666,"#ed7953"],[0.7777777777777778,"#fb9f3a"],[0.8888888888888888,"#fdca26"],[1.0,"#f0f921"]],"sequentialminus":[[0.0,"#0d0887"],[0.1111111111111111,"#46039f"],[0.2222222222222222,"#7201a8"],[0.3333333333333333,"#9c179e"],[0.4444444444444444,"#bd3786"],[0.5555555555555556,"#d8576b"],[0.6666666666666666,"#ed7953"],[0.7777777777777778,"#fb9f3a"],[0.8888888888888888,"#fdca26"],[1.0,"#f0f921"]],"diverging":[[0,"#8e0152"],[0.1,"#c51b7d"],[0.2,"#de77ae"],[0.3,"#f1b6da"],[0.4,"#fde0ef"],[0.5,"#f7f7f7"],[0.6,"#e6f5d0"],[0.7,"#b8e186"],[0.8,"#7fbc41"],[0.9,"#4d9221"],[1,"#276419"]]},"xaxis":{"gridcolor":"white","linecolor":"white","ticks":"","title":{"standoff":15},"zerolinecolor":"white","automargin":true,"zerolinewidth":2},"