<!DOCTYPE html>
<html lang="en">
<head>
    <meta charset="UTF-8">
    <meta name="viewport" content="width=device-width, initial-scale=1.0">
    <title>Plagiarism Detection Report</title>
    <script src="https://cdn.plot.ly/plotly-2.27.0.min.js"></script>
    <style>
        * { box-sizing: border-box; }
        body {
            font-family: -apple-system, BlinkMacSystemFont, 'Segoe UI', Roboto, sans-serif;
            margin: 0; padding: 20px; background: #1a1a2e; color: #eee;
        }
        h1 { color: #00d4ff; border-bottom: 2px solid #00d4ff; padding-bottom: 10px; }
        h2 { color: #ff6b6b; margin-top: 30px; }
        .summary {
            display: grid; grid-template-columns: repeat(auto-fit, minmax(200px, 1fr));
            gap: 15px; margin: 20px 0;
        }
        .stat-card {
            background: #16213e; padding: 20px; border-radius: 10px;
            border-left: 4px solid #00d4ff;
        }
        .stat-card.critical { border-left-color: #ff4757; }
        .stat-card.high { border-left-color: #ffa502; }
        .stat-value { font-size: 2em; font-weight: bold; }
        .stat-label { color: #888; font-size: 0.9em; }
        table {
            width: 100%; border-collapse: collapse; margin: 20px 0;
            background: #16213e; border-radius: 10px; overflow: hidden;
        }
        th { background: #0f3460; color: #00d4ff; padding: 12px; text-align: left; }
        td { padding: 10px 12px; border-bottom: 1px solid #0f3460; }
        tr:hover { background: #1f4068; }
        .critical { color: #ff4757; font-weight: bold; }
        .high { color: #ffa502; font-weight: bold; }
        .medium { color: #ffd43b; }
        .low { color: #2ed573; }
        .badge {
            display: inline-block; padding: 3px 8px; border-radius: 4px;
            font-size: 0.8em; font-weight: bold;
        }
        .badge.critical { background: #ff4757; color: white; }
        .badge.high { background: #ffa502; color: black; }
        .badge.medium { background: #ffd43b; color: black; }
        .legend {
            margin: 20px 0; padding: 15px; background: #16213e;
            border-radius: 10px; display: flex; gap: 20px; flex-wrap: wrap;
        }
        .legend-item { display: flex; align-items: center; gap: 8px; }
        .legend-dot { width: 12px; height: 12px; border-radius: 50%; }
        .legend-dot.critical { background: #ff4757; }
        .legend-dot.high { background: #ffa502; }
        .legend-dot.medium { background: #ffd43b; }
        .chart-container {
            background: #16213e; border-radius: 10px; padding: 15px; margin: 20px 0;
        }
        .chart-row {
            display: grid; grid-template-columns: 1fr 1fr; gap: 20px; margin: 20px 0;
        }
        @media (max-width: 1200px) {
            .chart-row { grid-template-columns: 1fr; }
        }
        .tab-container {
            margin: 20px 0;
        }
        .tab-buttons {
            display: flex; gap: 10px; margin-bottom: 15px;
        }
        .tab-button {
            padding: 10px 20px; background: #16213e; border: none;
            color: #888; cursor: pointer; border-radius: 5px;
            transition: all 0.3s;
        }
        .tab-button:hover { background: #1f4068; color: #eee; }
        .tab-button.active { background: #0f3460; color: #00d4ff; }
        .tab-content { display: none; }
        .tab-content.active { display: block; }
        .suggestion-card {
            background: linear-gradient(135deg, #16213e 0%, #1a1a2e 100%);
            border: 1px solid #0f3460; border-radius: 12px;
            padding: 20px; margin: 25px 0;
        }
        .suggestion-card h3 {
            color: #00d4ff; margin: 0 0 5px 0; font-size: 1.2em;
        }
        .suggestion-subtitle {
            color: #888; font-size: 0.85em; margin: 0 0 15px 0;
        }
        .suggestions-grid {
            display: grid; grid-template-columns: repeat(3, 1fr); gap: 15px;
        }
        .suggestion-item {
            background: #0f3460; border-radius: 8px; padding: 15px; text-align: center;
        }
        .suggestion-item.critical { border-top: 3px solid #ff4757; }
        .suggestion-item.high { border-top: 3px solid #ffa502; }
        .suggestion-item.medium { border-top: 3px solid #ffd43b; }
        .suggestion-label {
            font-size: 0.8em; color: #888; text-transform: uppercase; letter-spacing: 1px;
        }
        .suggestion-value {
            font-size: 1.8em; font-weight: bold; margin: 5px 0;
        }
        .suggestion-item.critical .suggestion-value { color: #ff4757; }
        .suggestion-item.high .suggestion-value { color: #ffa502; }
        .suggestion-item.medium .suggestion-value { color: #ffd43b; }
        .suggestion-count {
            font-size: 0.85em; color: #aaa;
        }
        .suggestion-stats {
            display: flex; justify-content: space-between; align-items: center;
            margin-top: 15px; padding-top: 15px; border-top: 1px solid #0f3460;
            font-size: 0.85em; color: #888;
        }
        .confidence-badge {
            padding: 4px 10px; border-radius: 12px; font-size: 0.75em;
            font-weight: bold; color: #1a1a2e;
        }
        @media (max-width: 600px) {
            .suggestions-grid { grid-template-columns: 1fr; }
        }
        /* Detector Info Panel */
        .detector-info-panel {
            background: #16213e; border-radius: 10px; padding: 20px; margin: 20px 0;
        }
        .detector-info-panel h3 {
            color: #00d4ff; margin: 0 0 15px 0;
        }
        .detector-grid {
            display: grid; grid-template-columns: repeat(auto-fit, minmax(250px, 1fr)); gap: 15px;
        }
        .detector-card {
            background: #0f3460; border-radius: 8px; padding: 15px;
        }
        .detector-header {
            display: flex; justify-content: space-between; align-items: center; margin-bottom: 8px;
        }
        .technique-badge {
            padding: 2px 8px; border-radius: 10px; font-size: 0.7em;
            font-weight: bold; color: #1a1a2e;
        }
        .detector-desc {
            color: #aaa; font-size: 0.85em; margin: 0 0 10px 0;
        }
        .detector-details {
            font-size: 0.8em;
        }
        .detector-details .catches {
            color: #2ed573; display: block; margin-bottom: 4px;
        }
        .detector-details .misses {
            color: #ff6b6b; display: block;
        }
        /* Action Definitions Panel */
        .action-definitions-panel {
            background: #16213e; border-radius: 10px; padding: 20px; margin: 20px 0;
        }
        .action-definitions-panel h3 {
            color: #00d4ff; margin: 0 0 15px 0;
        }
        .action-def-grid {
            display: grid; grid-template-columns: repeat(auto-fit, minmax(300px, 1fr)); gap: 15px;
        }
        .action-def-card {
            background: #0f3460; border-radius: 8px; padding: 15px;
        }
        .action-def-header {
            margin-bottom: 10px;
        }
        .action-def-badge {
            padding: 5px 12px; border-radius: 6px; font-size: 0.9em;
            font-weight: bold; color: #1a1a2e; display: inline-block;
        }
        .action-def-when {
            color: #aaa; font-size: 0.85em; margin: 8px 0;
        }
        .action-def-when strong {
            color: #00d4ff;
        }
        .action-def-meaning {
            color: #ddd; font-size: 0.85em; margin: 0; line-height: 1.4;
        }
        /* Table Confidence & Action Badges */
        .conf-badge {
            padding: 3px 8px; border-radius: 4px; font-size: 0.75em;
            font-weight: bold; display: inline-block;
        }
        .conf-badge.very_high { background: #2ed573; color: #1a1a2e; }
        .conf-badge.high { background: #00d4ff; color: #1a1a2e; }
        .conf-badge.medium { background: #ffa502; color: #1a1a2e; }
        .conf-badge.low { background: #888; color: #eee; }
        .action-badge {
            padding: 4px 10px; border-radius: 4px; font-size: 0.8em;
            font-weight: bold; display: inline-block; color: #1a1a2e;
        }
        .explanation-text {
            font-size: 0.75em; color: #888; display: block; margin-top: 4px;
        }
    </style>
</head>
<body>
    <h1>Plagiarism Detection Report</h1>

    <div class="summary">
        <div class="stat-card">
            <div class="stat-value">23</div>
            <div class="stat-label">Total Students</div>
        </div>
        <div class="stat-card">
            <div class="stat-value">13</div>
            <div class="stat-label">Flagged Pairs (≥50%)</div>
        </div>
        <div class="stat-card critical">
            <div class="stat-value">0</div>
            <div class="stat-label">Critical Risk Students</div>
        </div>
        <div class="stat-card high">
            <div class="stat-value">4</div>
            <div class="stat-label">High Risk Students</div>
        </div>
    </div>

    <div class="legend">
        <div class="legend-item"><div class="legend-dot critical"></div> Critical (≥81%) - Very likely plagiarism</div>
        <div class="legend-item"><div class="legend-dot high"></div> High (≥62%) - Suspicious</div>
        <div class="legend-item"><div class="legend-dot medium"></div> Medium (≥52%) - Review recommended</div>
    </div>

    
    <div class="suggestion-card">
        <h3>📊 Suggested Thresholds</h3>
        <p class="suggestion-subtitle">Based on statistical analysis of this dataset</p>
        <div class="suggestions-grid">
            <div class="suggestion-item critical">
                <div class="suggestion-label">Critical</div>
                <div class="suggestion-value">≥ 81%</div>
                <div class="suggestion-count">0 students</div>
            </div>
            <div class="suggestion-item high">
                <div class="suggestion-label">High</div>
                <div class="suggestion-value">≥ 62%</div>
                <div class="suggestion-count">4 students</div>
            </div>
            <div class="suggestion-item medium">
                <div class="suggestion-label">Medium</div>
                <div class="suggestion-value">≥ 52%</div>
                <div class="suggestion-count">7 students</div>
            </div>
        </div>
        <div class="suggestion-stats">
            <span>📈 23 students | Median: 48.2% | MAD: 9.0</span>
            <span class="confidence-badge" style="background: #ff4757;">
                Confidence: LOW
            </span>
        </div>
    </div>


    
    <div class="detector-info-panel">
        <h3>🔍 Detection Techniques Used</h3>
        <div class="detector-grid">
            <div class="detector-card">
                <div class="detector-header">
                    <strong>JPlag</strong>
                    <span class="technique-badge" style="background: #00d4ff;">TOKEN</span>
                </div>
                <p class="detector-desc">Token-based comparison</p>
                <div class="detector-details">
                    <span class="catches">✓ Variable renaming, statement reordering</span>
                    <span class="misses">✗ Structural refactoring, AST changes</span>
                </div>
            </div>
        </div>
    </div>


    
    <div class="action-definitions-panel">
        <h3>📋 Action Definitions</h3>
        <div class="action-def-grid">
            <div class="action-def-card">
                <div class="action-def-header">
                    <span class="action-def-badge" style="background: #ff4757;">🔴 INVESTIGATE</span>
                </div>
                <p class="action-def-when"><strong>When:</strong> High confidence + Critical score (≥89%)</p>
                <p class="action-def-meaning">Strong evidence of plagiarism. Multiple detectors using different techniques report very high similarity. Requires immediate investigation - compare the code directly.</p>
            </div>
            <div class="action-def-card">
                <div class="action-def-header">
                    <span class="action-def-badge" style="background: #ffa502;">🟠 REVIEW</span>
                </div>
                <p class="action-def-when"><strong>When:</strong> High confidence + High score (≥77%)</p>
                <p class="action-def-meaning">Likely plagiarism. Multiple techniques agree on high similarity. Detailed manual review needed - examine actual code structure and logic.</p>
            </div>
            <div class="action-def-card">
                <div class="action-def-header">
                    <span class="action-def-badge" style="background: #ffd43b;">🟡 CHECK</span>
                </div>
                <p class="action-def-when"><strong>When:</strong> High confidence + Medium score, or Medium confidence + High score</p>
                <p class="action-def-meaning">Possible plagiarism. Detectors agree but scores aren't extreme. Quick manual verification recommended.</p>
            </div>
            <div class="action-def-card">
                <div class="action-def-header">
                    <span class="action-def-badge" style="background: #888888;">⚪ VERIFY</span>
                </div>
                <p class="action-def-when"><strong>When:</strong> Low confidence (single detector)</p>
                <p class="action-def-meaning">Uncertain - could be false positive. Only one detector flagged this pair. Similarity might be coincidental (common algorithms, starter code). Verify before acting.</p>
            </div>
            <div class="action-def-card">
                <div class="action-def-header">
                    <span class="action-def-badge" style="background: #2ed573;">🟢 MONITOR</span>
                </div>
                <p class="action-def-when"><strong>When:</strong> Score below all thresholds</p>
                <p class="action-def-meaning">Low risk. Even if detectors agree, similarity is below concerning levels. No immediate action needed.</p>
            </div>
        </div>
    </div>


    <!-- Visualizations Section -->
    <h2>Visual Analysis</h2>
    <div class="tab-container">
        <div class="tab-buttons">
            <button class="tab-button active" onclick="showTab('heatmap')">Heatmap</button>
            <button class="tab-button" onclick="showTab('network')">Network</button>
            <button class="tab-button" onclick="showTab('barchart')">Risk Scores</button>
            <button class="tab-button" onclick="showTab('histogram')">Distribution</button>
        </div>
        <div id="heatmap" class="tab-content active chart-container">
            <div>                            <div id="763d93ce-b303-4b53-9384-66e13b14a7dc" class="plotly-graph-div" style="height:575px; width:100%;"></div>            <script type="text/javascript">                window.PLOTLYENV=window.PLOTLYENV || {};                                if (document.getElementById("763d93ce-b303-4b53-9384-66e13b14a7dc")) {                    Plotly.newPlot(                        "763d93ce-b303-4b53-9384-66e13b14a7dc",                        [{"colorbar":{"tickfont":{"color":"#eee"},"ticksuffix":"%","title":{"font":{"color":"#eee"},"text":"Similarity %"}},"colorscale":[[0.0,"#1a1a2e"],[0.26,"#16213e"],[0.52,"#ffd43b"],[0.62,"#ffa502"],[0.81,"#ff4757"],[1.0,"#ff0000"]],"hoverongaps":false,"hovertemplate":"%{y} \u2194 %{x}\u003cbr\u003eSimilarity: %{z:.1f}%\u003cextra\u003e\u003c\u002fextra\u003e","x":["KENAN_OZCAKIR","CAGATAY_YUREKLI","ELIF_KAYAR","ALI_OZUER","KAMI_AVCI","CLAUDE","GPT","ALISA_IDA_DELEON","TARIK_SERTVURAN","EYLUL_SUICMEZ","SAFA_GOKALP_UGUR","ATAKAN_NAKTURK","UMUT_ERTUGRUL_DASGIN","YUSUF_KULLUK","MUHAMMED_ENES_CAM","KARDELEN_KARTAL","HASAN_KHALILOV","AGAH_DEMIR_GOK","ZEYNEP_ECE_BIKEZ","PELIN_GORER","MEHMET_OGUZHAN_MEMIS","BAHAR_CETIN_ASLAN","MERT_ACAR"],"y":["KENAN_OZCAKIR","CAGATAY_YUREKLI","ELIF_KAYAR","ALI_OZUER","KAMI_AVCI","CLAUDE","GPT","ALISA_IDA_DELEON","TARIK_SERTVURAN","EYLUL_SUICMEZ","SAFA_GOKALP_UGUR","ATAKAN_NAKTURK","UMUT_ERTUGRUL_DASGIN","YUSUF_KULLUK","MUHAMMED_ENES_CAM","KARDELEN_KARTAL","HASAN_KHALILOV","AGAH_DEMIR_GOK","ZEYNEP_ECE_BIKEZ","PELIN_GORER","MEHMET_OGUZHAN_MEMIS","BAHAR_CETIN_ASLAN","MERT_ACAR"],"z":[[0.0,63.93,30.43,55.03,59.63,58.16,57.14,26.77,30.71,52.6,34.32,48.16,35.33,45.36,43.9,22.88,41.31,28.57,22.22,20.42,15.58,12.02,11.03],[63.93,0.0,28.91,42.66,11.39,51.5,22.02,21.08,20.61,31.25,24.59,37.98,44.08,39.55,25.89,12.71,18.84,27.04,26.36,21.9,9.52,8.11,4.18],[30.43,28.91,0.0,62.5,25.93,32.84,25.09,23.97,16.6,29.27,42.52,27.35,14.09,33.22,17.21,17.95,19.91,20.8,15.53,24.82,15.72,0.0,0.0],[55.03,42.66,62.5,0.0,28.57,51.54,29.35,11.76,12.54,50.49,47.68,43.97,20.62,41.8,36.09,25.78,24.89,18.91,20.35,19.08,11.16,14.23,8.9],[59.63,11.39,25.93,28.57,0.0,33.21,35.68,20.1,25.12,34.06,46.09,22.53,25.83,47.19,16.13,37.5,16.99,18.59,19.7,26.79,14.04,6.94,0.0],[58.16,51.5,32.84,51.54,33.21,0.0,40.96,25.61,26.99,55.17,54.7,48.06,47.91,36.57,38.03,24.41,25.0,26.29,27.15,26.24,15.17,17.12,0.0],[57.14,22.02,25.09,29.35,35.68,40.96,0.0,13.64,16.79,27.46,42.28,38.51,34.58,23.08,34.02,43.29,37.5,38.27,16.3,19.35,5.31,21.93,4.49],[26.77,21.08,23.97,11.76,20.1,25.61,13.64,0.0,55.81,11.43,17.01,6.98,19.93,15.6,11.81,15.86,13.73,10.0,6.98,15.27,6.31,5.36,14.45],[30.71,20.61,16.6,12.54,25.12,26.99,16.79,55.81,0.0,18.71,15.07,7.02,29.07,16.43,17.02,31.11,38.61,32.08,17.89,8.79,5.45,11.71,15.33],[52.6,31.25,29.27,50.49,34.06,55.17,27.46,11.43,18.71,0.0,46.5,43.96,28.3,42.38,31.13,25.1,21.43,24.12,16.12,27.12,13.22,16.39,4.24],[34.32,24.59,42.52,47.68,46.09,54.7,42.28,17.01,15.07,46.5,0.0,44.97,39.38,38.61,35.42,31.42,20.17,31.07,35.53,27.18,17.97,27.91,0.0],[48.16,37.98,27.35,43.97,22.53,48.06,38.51,6.98,7.02,43.96,44.97,0.0,32.53,36.61,43.61,22.51,9.03,32.18,16.04,23.96,18.3,26.62,7.49],[35.33,44.08,14.09,20.62,25.83,47.91,34.58,19.93,29.07,28.3,39.38,32.53,0.0,28.75,26.12,26.36,22.13,30.77,22.54,11.11,11.86,10.2,9.52],[45.36,39.55,33.22,41.8,47.19,36.57,23.08,15.6,16.43,42.38,38.61,36.61,28.75,0.0,32.43,15.26,17.7,28.07,26.71,19.53,21.31,11.38,9.12],[43.9,25.89,17.21,36.09,16.13,38.03,34.02,11.81,17.02,31.13,35.42,43.61,26.12,32.43,0.0,36.27,17.68,37.71,12.33,30.16,19.1,18.91,10.83],[22.88,12.71,17.95,25.78,37.5,24.41,43.29,15.86,31.11,25.1,31.42,22.51,26.36,15.26,36.27,0.0,39.77,41.11,17.02,19.83,28.57,6.28,10.43],[41.31,18.84,19.91,24.89,16.99,25.0,37.5,13.73,38.61,21.43,20.17,9.03,22.13,17.7,17.68,39.77,0.0,21.97,26.25,18.26,16.87,10.71,11.59],[28.57,27.04,20.8,18.91,18.59,26.29,38.27,10.0,32.08,24.12,31.07,32.18,30.77,28.07,37.71,41.11,21.97,0.0,21.87,14.33,17.02,10.56,11.76],[22.22,26.36,15.53,20.35,19.7,27.15,16.3,6.98,17.89,16.12,35.53,16.04,22.54,26.71,12.33,17.02,26.25,21.87,0.0,30.91,15.16,0.0,11.32],[20.42,21.9,24.82,19.08,26.79,26.24,19.35,15.27,8.79,27.12,27.18,23.96,11.11,19.53,30.16,19.83,18.26,14.33,30.91,0.0,16.03,5.02,0.0],[15.58,9.52,15.72,11.16,14.04,15.17,5.31,6.31,5.45,13.22,17.97,18.3,11.86,21.31,19.1,28.57,16.87,17.02,15.16,16.03,0.0,0.0,0.0],[12.02,8.11,0.0,14.23,6.94,17.12,21.93,5.36,11.71,16.39,27.91,26.62,10.2,11.38,18.91,6.28,10.71,10.56,0.0,5.02,0.0,0.0,0.0],[11.03,4.18,0.0,8.9,0.0,0.0,4.49,14.45,15.33,4.24,0.0,7.49,9.52,9.12,10.83,10.43,11.59,11.76,11.32,0.0,0.0,0.0,0.0]],"zmax":100,"zmin":0,"type":"heatmap"}],                        {"template":{"data":{"histogram2dcontour":[{"type":"histogram2dcontour","colorbar":{"outlinewidth":0,"ticks":""},"colorscale":[[0.0,"#0d0887"],[0.1111111111111111,"#46039f"],[0.2222222222222222,"#7201a8"],[0.3333333333333333,"#9c179e"],[0.4444444444444444,"#bd3786"],[0.5555555555555556,"#d8576b"],[0.6666666666666666,"#ed7953"],[0.7777777777777778,"#fb9f3a"],[0.8888888888888888,"#fdca26"],[1.0,"#f0f921"]]}],"choropleth":[{"type":"choropleth","colorbar":{"outlinewidth":0,"ticks":""}}],"histogram2d":[{"type":"histogram2d","colorbar":{"outlinewidth":0,"ticks":""},"colorscale":[[0.0,"#0d0887"],[0.1111111111111111,"#46039f"],[0.2222222222222222,"#7201a8"],[0.3333333333333333,"#9c179e"],[0.4444444444444444,"#bd3786"],[0.5555555555555556,"#d8576b"],[0.6666666666666666,"#ed7953"],[0.7777777777777778,"#fb9f3a"],[0.8888888888888888,"#fdca26"],[1.0,"#f0f921"]]}],"heatmap":[{"type":"heatmap","colorbar":{"outlinewidth":0,"ticks":""},"colorscale":[[0.0,"#0d0887"],[0.1111111111111111,"#46039f"],[0.2222222222222222,"#7201a8"],[0.3333333333333333,"#9c179e"],[0.4444444444444444,"#bd3786"],[0.5555555555555556,"#d8576b"],[0.6666666666666666,"#ed7953"],[0.7777777777777778,"#fb9f3a"],[0.8888888888888888,"#fdca26"],[1.0,"#f0f921"]]}],"contourcarpet":[{"type":"contourcarpet","colorbar":{"outlinewidth":0,"ticks":""}}],"contour":[{"type":"contour","colorbar":{"outlinewidth":0,"ticks":""},"colorscale":[[0.0,"#0d0887"],[0.1111111111111111,"#46039f"],[0.2222222222222222,"#7201a8"],[0.3333333333333333,"#9c179e"],[0.4444444444444444,"#bd3786"],[0.5555555555555556,"#d8576b"],[0.6666666666666666,"#ed7953"],[0.7777777777777778,"#fb9f3a"],[0.8888888888888888,"#fdca26"],[1.0,"#f0f921"]]}],"surface":[{"type":"surface","colorbar":{"outlinewidth":0,"ticks":""},"colorscale":[[0.0,"#0d0887"],[0.1111111111111111,"#46039f"],[0.2222222222222222,"#7201a8"],[0.3333333333333333,"#9c179e"],[0.4444444444444444,"#bd3786"],[0.5555555555555556,"#d8576b"],[0.6666666666666666,"#ed7953"],[0.7777777777777778,"#fb9f3a"],[0.8888888888888888,"#fdca26"],[1.0,"#f0f921"]]}],"mesh3d":[{"type":"mesh3d","colorbar":{"outlinewidth":0,"ticks":""}}],"scatter":[{"fillpattern":{"fillmode":"overlay","size":10,"solidity":0.2},"type":"scatter"}],"parcoords":[{"type":"parcoords","line":{"colorbar":{"outlinewidth":0,"ticks":""}}}],"scatterpolargl":[{"type":"scatterpolargl","marker":{"colorbar":{"outlinewidth":0,"ticks":""}}}],"bar":[{"error_x":{"color":"#2a3f5f"},"error_y":{"color":"#2a3f5f"},"marker":{"line":{"color":"#E5ECF6","width":0.5},"pattern":{"fillmode":"overlay","size":10,"solidity":0.2}},"type":"bar"}],"scattergeo":[{"type":"scattergeo","marker":{"colorbar":{"outlinewidth":0,"ticks":""}}}],"scatterpolar":[{"type":"scatterpolar","marker":{"colorbar":{"outlinewidth":0,"ticks":""}}}],"histogram":[{"marker":{"pattern":{"fillmode":"overlay","size":10,"solidity":0.2}},"type":"histogram"}],"scattergl":[{"type":"scattergl","marker":{"colorbar":{"outlinewidth":0,"ticks":""}}}],"scatter3d":[{"type":"scatter3d","line":{"colorbar":{"outlinewidth":0,"ticks":""}},"marker":{"colorbar":{"outlinewidth":0,"ticks":""}}}],"scattermap":[{"type":"scattermap","marker":{"colorbar":{"outlinewidth":0,"ticks":""}}}],"scattermapbox":[{"type":"scattermapbox","marker":{"colorbar":{"outlinewidth":0,"ticks":""}}}],"scatterternary":[{"type":"scatterternary","marker":{"colorbar":{"outlinewidth":0,"ticks":""}}}],"scattercarpet":[{"type":"scattercarpet","marker":{"colorbar":{"outlinewidth":0,"ticks":""}}}],"carpet":[{"aaxis":{"endlinecolor":"#2a3f5f","gridcolor":"white","linecolor":"white","minorgridcolor":"white","startlinecolor":"#2a3f5f"},"baxis":{"endlinecolor":"#2a3f5f","gridcolor":"white","linecolor":"white","minorgridcolor":"white","startlinecolor":"#2a3f5f"},"type":"carpet"}],"table":[{"cells":{"fill":{"color":"#EBF0F8"},"line":{"color":"white"}},"header":{"fill":{"color":"#C8D4E3"},"line":{"color":"white"}},"type":"table"}],"barpolar":[{"marker":{"line":{"color":"#E5ECF6","width":0.5},"pattern":{"fillmode":"overlay","size":10,"solidity":0.2}},"type":"barpolar"}],"pie":[{"automargin":true,"type":"pie"}]},"layout":{"autotypenumbers":"strict","colorway":["#636efa","#EF553B","#00cc96","#ab63fa","#FFA15A","#19d3f3","#FF6692","#B6E880","#FF97FF","#FECB52"],"font":{"color":"#2a3f5f"},"hovermode":"closest","hoverlabel":{"align":"left"},"paper_bgcolor":"white","plot_bgcolor":"#E5ECF6","polar":{"bgcolor":"#E5ECF6","angularaxis":{"gridcolor":"white","linecolor":"white","ticks":""},"radialaxis":{"gridcolor":"white","linecolor":"white","ticks":""}},"ternary":{"bgcolor":"#E5ECF6","aaxis":{"gridcolor":"white","linecolor":"white","ticks":""},"baxis":{"gridcolor":"white","linecolor":"white","ticks":""},"caxis":{"gridcolor":"white","linecolor":"white","ticks":""}},"coloraxis":{"colorbar":{"outlinewidth":0,"ticks":""}},"colorscale":{"sequential":[[0.0,"#0d0887"],[0.1111111111111111,"#46039f"],[0.2222222222222222,"#7201a8"],[0.3333333333333333,"#9c179e"],[0.4444444444444444,"#bd3786"],[0.5555555555555556,"#d8576b"],[0.6666666666666666,"#ed7953"],[0.7777777777777778,"#fb9f3a"],[0.8888888888888888,"#fdca26"],[1.0,"#f0f921"]],"sequentialminus":[[0.0,"#0d0887"],[0.1111111111111111,"#46039f"],[0.2222222222222222,"#7201a8"],[0.3333333333333333,"#9c179e"],[0.4444444444444444,"#bd3786"],[0.5555555555555556,"#d8576b"],[0.6666666666666666,"#ed7953"],[0.7777777777777778,"#fb9f3a"],[0.8888888888888888,"#fdca26"],[1.0,"#f0f921"]],"diverging":[[0,"#8e0152"],[0.1,"#c51b7d"],[0.2,"#de77ae"],[0.3,"#f1b6da"],[0.4,"#fde0ef"],[0.5,"#f7f7f7"],[0.6,"#e6f5d0"],[0.7,"#b8e186"],[0.8,"#7fbc41"],[0.9,"#4d9221"],[1,"#276419"]]},"xaxis":{"gridcolor":"white","linecolor":"white","ticks":"","title":{"standoff":15},"zerolinecolor":"white","automargin":true,"zerolinewidth":2},"yaxis":{"gridcolor":"white","linecolor":"white","ticks":"","title":{"standoff":15},"zerolinecolor":"white","automargin":true,"zerolinewidth":2},"scene":{"xaxis":{"backgroundcolor":"#E5ECF6","gridcolor":"white","linecolor":"white","showbackground":true,"ticks":"","zerolinecolor":"white","gridwidth":2},"yaxis":{"backgroundcolor":"#E5ECF6","gridcolor":"white","linecolor":"white","showbackground":true,"ticks":"","zerolinecolor":"white","gridwidth":2},"zaxis":{"backgroundcolor":"#E5ECF6","gridcolor":"white","linecolor":"white","showbackground":true,"ticks":"","zerolinecolor":"white","gridwidth":2}},"shapedefaults":{"line":{"color":"#2a3f5f"}},"annotationdefaults":{"arrowcolor":"#2a3f5f","arrowhead":0,"arrowwidth":1},"geo":{"bgcolor":"white","landcolor":"#E5ECF6","subunitcolor":"white","showland":true,"showlakes":true,"lakecolor":"white"},"title":{"x":0.05},"mapbox":{"style":"light"}}},"title":{"font":{"color":"#00d4ff"},"text":"Student Similarity Heatmap"},"font":{"color":"#eee"},"xaxis":{"tickangle":45,"side":"bottom","gridcolor":"#0f3460"},"yaxis":{"autorange":"reversed","gridcolor":"#0f3460"},"margin":{"l":150,"r":50,"t":50,"b":150},"paper_bgcolor":"#1a1a2e","plot_bgcolor":"#1a1a2e","height":575},                        {"responsive": true}                    )                };            </script>        </div>
        </div>
        <div id="network" class="tab-content chart-container">
            <div>                            <div id="6f84281e-86bf-4f4b-a135-553e04281ac9" class="plotly-graph-div" style="height:600px; width:100%;"></div>            <script type="text/javascript">                window.PLOTLYENV=window.PLOTLYENV || {};                                if (document.getElementById("6f84281e-86bf-4f4b-a135-553e04281ac9")) {                    Plotly.newPlot(                        "6f84281e-86bf-4f4b-a135-553e04281ac9",                        [{"hoverinfo":"none","line":{"color":"#ffa502","width":2},"mode":"lines","showlegend":false,"x":[0.2883477775493587,0.46853233352806967,null],"y":[0.32502465562716804,0.0796591927548778,null],"type":"scatter"},{"hoverinfo":"none","line":{"color":"#ffd43b","width":1},"mode":"lines","showlegend":false,"x":[0.2883477775493587,0.367497163929064,null],"y":[0.32502465562716804,0.7124502110707105,null],"type":"scatter"},{"hoverinfo":"none","line":{"color":"#ffd43b","width":1},"mode":"lines","showlegend":false,"x":[0.2883477775493587,0.18058718213524,null],"y":[0.32502465562716804,0.009806874097655984,null],"type":"scatter"},{"hoverinfo":"none","line":{"color":"#ffd43b","width":1},"mode":"lines","showlegend":false,"x":[0.2883477775493587,0.6488600941686861,null],"y":[0.32502465562716804,0.3987802338292413,null],"type":"scatter"},{"hoverinfo":"none","line":{"color":"#ffd43b","width":1},"mode":"lines","showlegend":false,"x":[0.2883477775493587,-0.13145141053796056,null],"y":[0.32502465562716804,0.17885688878853337,null],"type":"scatter"},{"hoverinfo":"none","line":{"color":"#ffd43b","width":1},"mode":"lines","showlegend":false,"x":[0.2883477775493587,0.050248250477428896,null],"y":[0.32502465562716804,0.2779562752660722,null],"type":"scatter"},{"hoverinfo":"none","line":{"color":"#ffd43b","width":1},"mode":"lines","showlegend":false,"x":[0.46853233352806967,0.18058718213524,null],"y":[0.0796591927548778,0.009806874097655984,null],"type":"scatter"},{"hoverinfo":"none","line":{"color":"#ffa502","width":2},"mode":"lines","showlegend":false,"x":[-0.5212486317860988,-0.13145141053796056,null],"y":[0.13794493953475231,0.17885688878853337,null],"type":"scatter"},{"hoverinfo":"none","line":{"color":"#ffd43b","width":1},"mode":"lines","showlegend":false,"x":[-0.13145141053796056,0.18058718213524,null],"y":[0.17885688878853337,0.009806874097655984,null],"type":"scatter"},{"hoverinfo":"none","line":{"color":"#ffd43b","width":1},"mode":"lines","showlegend":false,"x":[-0.13145141053796056,0.050248250477428896,null],"y":[0.17885688878853337,0.2779562752660722,null],"type":"scatter"},{"hoverinfo":"none","line":{"color":"#ffd43b","width":1},"mode":"lines","showlegend":false,"x":[0.18058718213524,0.050248250477428896,null],"y":[0.009806874097655984,0.2779562752660722,null],"type":"scatter"},{"hoverinfo":"none","line":{"color":"#ffd43b","width":1},"mode":"lines","showlegend":false,"x":[0.18058718213524,0.2917801601510093,null],"y":[0.009806874097655984,-0.3663225057210443,null],"type":"scatter"},{"hoverinfo":"none","line":{"color":"#ffd43b","width":1},"mode":"lines","showlegend":false,"x":[-0.7932572944113665,-0.8498956252034306,null],"y":[-1.0,-0.7541567652479668,null],"type":"scatter"},{"hovertemplate":"%{text}\u003cbr\u003eMax similarity: %{marker.color:.1f}%\u003cextra\u003e\u003c\u002fextra\u003e","marker":{"cmax":100,"cmin":50.0,"color":[63.93,63.93,62.5,62.5,59.63,58.16,57.14,55.81,55.81,55.17,54.7],"colorbar":{"tickfont":{"color":"#eee"},"ticksuffix":"%","title":{"font":{"color":"#eee"},"text":"Max Sim %"}},"colorscale":[[0.0,"#2ed573"],[0.5,"#ffd43b"],[0.6,"#ffa502"],[0.8,"#ff4757"],[1.0,"#ff0000"]],"line":{"color":"#0f3460","width":2},"size":[48,20,20,32,20,40,20,20,20,24,20]},"mode":"markers+text","text":["KENAN_OZCAKIR","CAGATAY_YUREKLI","ELIF_KAYAR","ALI_OZUER","KAMI_AVCI","CLAUDE","GPT","ALISA_IDA_DELEON","TARIK_SERTVURAN","EYLUL_SUICMEZ","SAFA_GOKALP_UGUR"],"textfont":{"color":"#eee","size":10},"textposition":"top center","x":[0.2883477775493587,0.46853233352806967,-0.5212486317860988,-0.13145141053796056,0.367497163929064,0.18058718213524,0.6488600941686861,-0.7932572944113665,-0.8498956252034306,0.050248250477428896,0.2917801601510093],"y":[0.32502465562716804,0.0796591927548778,0.13794493953475231,0.17885688878853337,0.7124502110707105,0.009806874097655984,0.3987802338292413,-1.0,-0.7541567652479668,0.2779562752660722,-0.3663225057210443],"type":"scatter"}],                        {"template":{"data":{"histogram2dcontour":[{"type":"histogram2dcontour","colorbar":{"outlinewidth":0,"ticks":""},"colorscale":[[0.0,"#0d0887"],[0.1111111111111111,"#46039f"],[0.2222222222222222,"#7201a8"],[0.3333333333333333,"#9c179e"],[0.4444444444444444,"#bd3786"],[0.5555555555555556,"#d8576b"],[0.6666666666666666,"#ed7953"],[0.7777777777777778,"#fb9f3a"],[0.8888888888888888,"#fdca26"],[1.0,"#f0f921"]]}],"choropleth":[{"type":"choropleth","colorbar":{"outlinewidth":0,"ticks":""}}],"histogram2d":[{"type":"histogram2d","colorbar":{"outlinewidth":0,"ticks":""},"colorscale":[[0.0,"#0d0887"],[0.1111111111111111,"#46039f"],[0.2222222222222222,"#7201a8"],[0.3333333333333333,"#9c179e"],[0.4444444444444444,"#bd3786"],[0.5555555555555556,"#d8576b"],[0.6666666666666666,"#ed7953"],[0.7777777777777778,"#fb9f3a"],[0.8888888888888888,"#fdca26"],[1.0,"#f0f921"]]}],"heatmap":[{"type":"heatmap","colorbar":{"outlinewidth":0,"ticks":""},"colorscale":[[0.0,"#0d0887"],[0.1111111111111111,"#46039f"],[0.2222222222222222,"#7201a8"],[0.3333333333333333,"#9c179e"],[0.4444444444444444,"#bd3786"],[0.5555555555555556,"#d8576b"],[0.6666666666666666,"#ed7953"],[0.7777777777777778,"#fb9f3a"],[0.8888888888888888,"#fdca26"],[1.0,"#f0f921"]]}],"contourcarpet":[{"type":"contourcarpet","colorbar":{"outlinewidth":0,"ticks":""}}],"contour":[{"type":"contour","colorbar":{"outlinewidth":0,"ticks":""},"colorscale":[[0.0,"#0d0887"],[0.1111111111111111,"#46039f"],[0.2222222222222222,"#7201a8"],[0.3333333333333333,"#9c179e"],[0.4444444444444444,"#bd3786"],[0.5555555555555556,"#d8576b"],[0.6666666666666666,"#ed7953"],[0.7777777777777778,"#fb9f3a"],[0.8888888888888888,"#fdca26"],[1.0,"#f0f921"]]}],"surface":[{"type":"surface","colorbar":{"outlinewidth":0,"ticks":""},"colorscale":[[0.0,"#0d0887"],[0.1111111111111111,"#46039f"],[0.2222222222222222,"#7201a8"],[0.3333333333333333,"#9c179e"],[0.4444444444444444,"#bd3786"],[0.5555555555555556,"#d8576b"],[0.6666666666666666,"#ed7953"],[0.7777777777777778,"#fb9f3a"],[0.8888888888888888,"#fdca26"],[1.0,"#f0f921"]]}],"mesh3d":[{"type":"mesh3d","colorbar":{"outlinewidth":0,"ticks":""}}],"scatter":[{"fillpattern":{"fillmode":"overlay","size":10,"solidity":0.2},"type":"scatter"}],"parcoords":[{"type":"parcoords","line":{"colorbar":{"outlinewidth":0,"ticks":""}}}],"scatterpolargl":[{"type":"scatterpolargl","marker":{"colorbar":{"outlinewidth":0,"ticks":""}}}],"bar":[{"error_x":{"color":"#2a3f5f"},"error_y":{"color":"#2a3f5f"},"marker":{"line":{"color":"#E5ECF6","width":0.5},"pattern":{"fillmode":"overlay","size":10,"solidity":0.2}},"type":"bar"}],"scattergeo":[{"type":"scattergeo","marker":{"colorbar":{"outlinewidth":0,"ticks":""}}}],"scatterpolar":[{"type":"scatterpolar","marker":{"colorbar":{"outlinewidth":0,"ticks":""}}}],"histogram":[{"marker":{"pattern":{"fillmode":"overlay","size":10,"solidity":0.2}},"type":"histogram"}],"scattergl":[{"type":"scattergl","marker":{"colorbar":{"outlinewidth":0,"ticks":""}}}],"scatter3d":[{"type":"scatter3d","line":{"colorbar":{"outlinewidth":0,"ticks":""}},"marker":{"colorbar":{"outlinewidth":0,"ticks":""}}}],"scattermap":[{"type":"scattermap","marker":{"colorbar":{"outlinewidth":0,"ticks":""}}}],"scattermapbox":[{"type":"scattermapbox","marker":{"colorbar":{"outlinewidth":0,"ticks":""}}}],"scatterternary":[{"type":"scatterternary","marker":{"colorbar":{"outlinewidth":0,"ticks":""}}}],"scattercarpet":[{"type":"scattercarpet","marker":{"colorbar":{"outlinewidth":0,"ticks":""}}}],"carpet":[{"aaxis":{"endlinecolor":"#2a3f5f","gridcolor":"white","linecolor":"white","minorgridcolor":"white","startlinecolor":"#2a3f5f"},"baxis":{"endlinecolor":"#2a3f5f","gridcolor":"white","linecolor":"white","minorgridcolor":"white","startlinecolor":"#2a3f5f"},"type":"carpet"}],"table":[{"cells":{"fill":{"color":"#EBF0F8"},"line":{"color":"white"}},"header":{"fill":{"color":"#C8D4E3"},"line":{"color":"white"}},"type":"table"}],"barpolar":[{"marker":{"line":{"color":"#E5ECF6","width":0.5},"pattern":{"fillmode":"overlay","size":10,"solidity":0.2}},"type":"barpolar"}],"pie":[{"automargin":true,"type":"pie"}]},"layout":{"autotypenumbers":"strict","colorway":["#636efa","#EF553B","#00cc96","#ab63fa","#FFA15A","#19d3f3","#FF6692","#B6E880","#FF97FF","#FECB52"],"font":{"color":"#2a3f5f"},"hovermode":"closest","hoverlabel":{"align":"left"},"paper_bgcolor":"white","plot_bgcolor":"#E5ECF6","polar":{"bgcolor":"#E5ECF6","angularaxis":{"gridcolor":"white","linecolor":"white","ticks":""},"radialaxis":{"gridcolor":"white","linecolor":"white","ticks":""}},"ternary":{"bgcolor":"#E5ECF6","aaxis":{"gridcolor":"white","linecolor":"white","ticks":""},"baxis":{"gridcolor":"white","linecolor":"white","ticks":""},"caxis":{"gridcolor":"white","linecolor":"white","ticks":""}},"coloraxis":{"colorbar":{"outlinewidth":0,"ticks":""}},"colorscale":{"sequential":[[0.0,"#0d0887"],[0.1111111111111111,"#46039f"],[0.2222222222222222,"#7201a8"],[0.3333333333333333,"#9c179e"],[0.4444444444444444,"#bd3786"],[0.5555555555555556,"#d8576b"],[0.6666666666666666,"#ed7953"],[0.7777777777777778,"#fb9f3a"],[0.8888888888888888,"#fdca26"],[1.0,"#f0f921"]],"sequentialminus":[[0.0,"#0d0887"],[0.1111111111111111,"#46039f"],[0.2222222222222222,"#7201a8"],[0.3333333333333333,"#9c179e"],[0.4444444444444444,"#bd3786"],[0.5555555555555556,"#d8576b"],[0.6666666666666666,"#ed7953"],[0.7777777777777778,"#fb9f3a"],[0.8888888888888888,"#fdca26"],[1.0,"#f0f921"]],"diverging":[[0,"#8e0152"],[0.1,"#c51b7d"],[0.2,"#de77ae"],[0.3,"#f1b6da"],[0.4,"#fde0ef"],[0.5,"#f7f7f7"],[0.6,"#e6f5d0"],[0.7,"#b8e186"],[0.8,"#7fbc41"],[0.9,"#4d9221"],[1,"#276419"]]},"xaxis":{"gridcolor":"white","linecolor":"white","ticks":"","title":{"standoff":15},"zerolinecolor":"white","automargin":true,"zerolinewidth":2},"yaxis":{"gridcolor":"white","linecolor":"white","ticks":"","title":{"standoff":15},"zerolinecolor":"white","automargin":true,"zerolinewidth":2},"scene":{"xaxis":{"backgroundcolor":"#E5ECF6","gridcolor":"white","linecolor":"white","showbackground":true,"ticks":"","zerolinecolor":"white","gridwidth":2},"yaxis":{"backgroundcolor":"#E5ECF6","gridcolor":"white","linecolor":"white","showbackground":true,"ticks":"","zerolinecolor":"white","gridwidth":2},"zaxis":{"backgroundcolor":"#E5ECF6","gridcolor":"white","linecolor":"white","showbackground":true,"ticks":"","zerolinecolor":"white","gridwidth":2}},"shapedefaults":{"line":{"color":"#2a3f5f"}},"annotationdefaults":{"arrowcolor":"#2a3f5f","arrowhead":0,"arrowwidth":1},"geo":{"bgcolor":"white","landcolor":"#E5ECF6","subunitcolor":"white","showland":true,"showlakes":true,"lakecolor":"white"},"title":{"x":0.05},"mapbox":{"style":"light"}}},"title":{"font":{"color":"#00d4ff"},"text":"Similarity Network (\u226550%)"},"font":{"color":"#eee"},"xaxis":{"showgrid":false,"zeroline":false,"showticklabels":false},"yaxis":{"showgrid":false,"zeroline":false,"showticklabels":false},"margin":{"l":20,"r":20,"t":50,"b":20},"showlegend":false,"paper_bgcolor":"#1a1a2e","plot_bgcolor":"#1a1a2e","height":600},                        {"responsive": true}                    )                };            </script>        </div>
        </div>
        <div id="barchart" class="tab-content chart-container">
