<!DOCTYPE html>
<html lang="en">
<head>
    <meta charset="UTF-8">
    <meta name="viewport" content="width=device-width, initial-scale=1.0">
    <title>Plagiarism Detection Report</title>
    <script src="https://cdn.plot.ly/plotly-2.27.0.min.js"></script>
    <style>
        * { box-sizing: border-box; }
        body {
            font-family: -apple-system, BlinkMacSystemFont, 'Segoe UI', Roboto, sans-serif;
            margin: 0; padding: 20px; background: #1a1a2e; color: #eee;
        }
        h1 { color: #00d4ff; border-bottom: 2px solid #00d4ff; padding-bottom: 10px; }
        h2 { color: #ff6b6b; margin-top: 30px; }
        .summary {
            display: grid; grid-template-columns: repeat(auto-fit, minmax(200px, 1fr));
            gap: 15px; margin: 20px 0;
        }
        .stat-card {
            background: #16213e; padding: 20px; border-radius: 10px;
            border-left: 4px solid #00d4ff;
        }
        .stat-card.critical { border-left-color: #ff4757; }
        .stat-card.high { border-left-color: #ffa502; }
        .stat-value { font-size: 2em; font-weight: bold; }
        .stat-label { color: #888; font-size: 0.9em; }
        table {
            width: 100%; border-collapse: collapse; margin: 20px 0;
            background: #16213e; border-radius: 10px; overflow: hidden;
        }
        th { background: #0f3460; color: #00d4ff; padding: 12px; text-align: left; }
        td { padding: 10px 12px; border-bottom: 1px solid #0f3460; }
        tr:hover { background: #1f4068; }
        .critical { color: #ff4757; font-weight: bold; }
        .high { color: #ffa502; font-weight: bold; }
        .medium { color: #ffd43b; }
        .low { color: #2ed573; }
        .badge {
            display: inline-block; padding: 3px 8px; border-radius: 4px;
            font-size: 0.8em; font-weight: bold;
        }
        .badge.critical { background: #ff4757; color: white; }
        .badge.high { background: #ffa502; color: black; }
        .badge.medium { background: #ffd43b; color: black; }
        .legend {
            margin: 20px 0; padding: 15px; background: #16213e;
            border-radius: 10px; display: flex; gap: 20px; flex-wrap: wrap;
        }
        .legend-item { display: flex; align-items: center; gap: 8px; }
        .legend-dot { width: 12px; height: 12px; border-radius: 50%; }
        .legend-dot.critical { background: #ff4757; }
        .legend-dot.high { background: #ffa502; }
        .legend-dot.medium { background: #ffd43b; }
        .chart-container {
            background: #16213e; border-radius: 10px; padding: 15px; margin: 20px 0;
        }
        .chart-row {
            display: grid; grid-template-columns: 1fr 1fr; gap: 20px; margin: 20px 0;
        }
        @media (max-width: 1200px) {
            .chart-row { grid-template-columns: 1fr; }
        }
        .tab-container {
            margin: 20px 0;
        }
        .tab-buttons {
            display: flex; gap: 10px; margin-bottom: 15px;
        }
        .tab-button {
            padding: 10px 20px; background: #16213e; border: none;
            color: #888; cursor: pointer; border-radius: 5px;
            transition: all 0.3s;
        }
        .tab-button:hover { background: #1f4068; color: #eee; }
        .tab-button.active { background: #0f3460; color: #00d4ff; }
        .tab-content { display: none; }
        .tab-content.active { display: block; }
        .suggestion-card {
            background: linear-gradient(135deg, #16213e 0%, #1a1a2e 100%);
            border: 1px solid #0f3460; border-radius: 12px;
            padding: 20px; margin: 25px 0;
        }
        .suggestion-card h3 {
            color: #00d4ff; margin: 0 0 5px 0; font-size: 1.2em;
        }
        .suggestion-subtitle {
            color: #888; font-size: 0.85em; margin: 0 0 15px 0;
        }
        .suggestions-grid {
            display: grid; grid-template-columns: repeat(3, 1fr); gap: 15px;
        }
        .suggestion-item {
            background: #0f3460; border-radius: 8px; padding: 15px; text-align: center;
        }
        .suggestion-item.critical { border-top: 3px solid #ff4757; }
        .suggestion-item.high { border-top: 3px solid #ffa502; }
        .suggestion-item.medium { border-top: 3px solid #ffd43b; }
        .suggestion-label {
            font-size: 0.8em; color: #888; text-transform: uppercase; letter-spacing: 1px;
        }
        .suggestion-value {
            font-size: 1.8em; font-weight: bold; margin: 5px 0;
        }
        .suggestion-item.critical .suggestion-value { color: #ff4757; }
        .suggestion-item.high .suggestion-value { color: #ffa502; }
        .suggestion-item.medium .suggestion-value { color: #ffd43b; }
        .suggestion-count {
            font-size: 0.85em; color: #aaa;
        }
        .suggestion-stats {
            display: flex; justify-content: space-between; align-items: center;
            margin-top: 15px; padding-top: 15px; border-top: 1px solid #0f3460;
            font-size: 0.85em; color: #888;
        }
        .confidence-badge {
            padding: 4px 10px; border-radius: 12px; font-size: 0.75em;
            font-weight: bold; color: #1a1a2e;
        }
        @media (max-width: 600px) {
            .suggestions-grid { grid-template-columns: 1fr; }
        }
        /* Detector Info Panel */
        .detector-info-panel {
            background: #16213e; border-radius: 10px; padding: 20px; margin: 20px 0;
        }
        .detector-info-panel h3 {
            color: #00d4ff; margin: 0 0 15px 0;
        }
        .detector-grid {
            display: grid; grid-template-columns: repeat(auto-fit, minmax(250px, 1fr)); gap: 15px;
        }
        .detector-card {
            background: #0f3460; border-radius: 8px; padding: 15px;
        }
        .detector-header {
            display: flex; justify-content: space-between; align-items: center; margin-bottom: 8px;
        }
        .technique-badge {
            padding: 2px 8px; border-radius: 10px; font-size: 0.7em;
            font-weight: bold; color: #1a1a2e;
        }
        .detector-desc {
            color: #aaa; font-size: 0.85em; margin: 0 0 10px 0;
        }
        .detector-details {
            font-size: 0.8em;
        }
        .detector-details .catches {
            color: #2ed573; display: block; margin-bottom: 4px;
        }
        .detector-details .misses {
            color: #ff6b6b; display: block;
        }
        /* Action Definitions Panel */
        .action-definitions-panel {
            background: #16213e; border-radius: 10px; padding: 20px; margin: 20px 0;
        }
        .action-definitions-panel h3 {
            color: #00d4ff; margin: 0 0 15px 0;
        }
        .action-def-grid {
            display: grid; grid-template-columns: repeat(auto-fit, minmax(300px, 1fr)); gap: 15px;
        }
        .action-def-card {
            background: #0f3460; border-radius: 8px; padding: 15px;
        }
        .action-def-header {
            margin-bottom: 10px;
        }
        .action-def-badge {
            padding: 5px 12px; border-radius: 6px; font-size: 0.9em;
            font-weight: bold; color: #1a1a2e; display: inline-block;
        }
        .action-def-when {
            color: #aaa; font-size: 0.85em; margin: 8px 0;
        }
        .action-def-when strong {
            color: #00d4ff;
        }
        .action-def-meaning {
            color: #ddd; font-size: 0.85em; margin: 0; line-height: 1.4;
        }
        /* Table Confidence & Action Badges */
        .conf-badge {
            padding: 3px 8px; border-radius: 4px; font-size: 0.75em;
            font-weight: bold; display: inline-block;
        }
        .conf-badge.very_high { background: #2ed573; color: #1a1a2e; }
        .conf-badge.high { background: #00d4ff; color: #1a1a2e; }
        .conf-badge.medium { background: #ffa502; color: #1a1a2e; }
        .conf-badge.low { background: #888; color: #eee; }
        .action-badge {
            padding: 4px 10px; border-radius: 4px; font-size: 0.8em;
            font-weight: bold; display: inline-block; color: #1a1a2e;
        }
        .explanation-text {
            font-size: 0.75em; color: #888; display: block; margin-top: 4px;
        }
    </style>
</head>
<body>
    <h1>Plagiarism Detection Report</h1>

    <div class="summary">
        <div class="stat-card">
            <div class="stat-value">29</div>
            <div class="stat-label">Total Students</div>
        </div>
        <div class="stat-card">
            <div class="stat-value">25</div>
            <div class="stat-label">Flagged Pairs (≥50%)</div>
        </div>
        <div class="stat-card critical">
            <div class="stat-value">8</div>
            <div class="stat-label">Critical Risk Students</div>
        </div>
        <div class="stat-card high">
            <div class="stat-value">15</div>
            <div class="stat-label">High Risk Students</div>
        </div>
    </div>

    <div class="legend">
        <div class="legend-item"><div class="legend-dot critical"></div> Critical (≥95%) - Very likely plagiarism</div>
        <div class="legend-item"><div class="legend-dot high"></div> High (≥85%) - Suspicious</div>
        <div class="legend-item"><div class="legend-dot medium"></div> Medium (≥75%) - Review recommended</div>
    </div>

    
    <div class="suggestion-card">
        <h3>📊 Suggested Thresholds</h3>
        <p class="suggestion-subtitle">Based on statistical analysis of this dataset</p>
        <div class="suggestions-grid">
            <div class="suggestion-item critical">
                <div class="suggestion-label">Critical</div>
                <div class="suggestion-value">≥ 95%</div>
                <div class="suggestion-count">4 students</div>
            </div>
            <div class="suggestion-item high">
                <div class="suggestion-label">High</div>
                <div class="suggestion-value">≥ 85%</div>
                <div class="suggestion-count">0 students</div>
            </div>
            <div class="suggestion-item medium">
                <div class="suggestion-label">Medium</div>
                <div class="suggestion-value">≥ 75%</div>
                <div class="suggestion-count">6 students</div>
            </div>
        </div>
        <div class="suggestion-stats">
            <span>📈 29 students | Median: 61.8% | MAD: 18.3</span>
            <span class="confidence-badge" style="background: #ff4757;">
                Confidence: LOW
            </span>
        </div>
    </div>


    
    <div class="detector-info-panel">
        <h3>🔍 Detection Techniques Used</h3>
        <div class="detector-grid">
            <div class="detector-card">
                <div class="detector-header">
                    <strong>JPlag</strong>
                    <span class="technique-badge" style="background: #00d4ff;">TOKEN</span>
                </div>
                <p class="detector-desc">Token-based comparison</p>
                <div class="detector-details">
                    <span class="catches">✓ Variable renaming, statement reordering</span>
                    <span class="misses">✗ Structural refactoring, AST changes</span>
                </div>
            </div>
        </div>
    </div>


    
    <div class="action-definitions-panel">
        <h3>📋 Action Definitions</h3>
        <div class="action-def-grid">
            <div class="action-def-card">
                <div class="action-def-header">
                    <span class="action-def-badge" style="background: #ff4757;">🔴 INVESTIGATE</span>
                </div>
                <p class="action-def-when"><strong>When:</strong> High confidence + Critical score (≥89%)</p>
                <p class="action-def-meaning">Strong evidence of plagiarism. Multiple detectors using different techniques report very high similarity. Requires immediate investigation - compare the code directly.</p>
            </div>
            <div class="action-def-card">
                <div class="action-def-header">
                    <span class="action-def-badge" style="background: #ffa502;">🟠 REVIEW</span>
                </div>
                <p class="action-def-when"><strong>When:</strong> High confidence + High score (≥77%)</p>
                <p class="action-def-meaning">Likely plagiarism. Multiple techniques agree on high similarity. Detailed manual review needed - examine actual code structure and logic.</p>
            </div>
            <div class="action-def-card">
                <div class="action-def-header">
                    <span class="action-def-badge" style="background: #ffd43b;">🟡 CHECK</span>
                </div>
                <p class="action-def-when"><strong>When:</strong> High confidence + Medium score, or Medium confidence + High score</p>
                <p class="action-def-meaning">Possible plagiarism. Detectors agree but scores aren't extreme. Quick manual verification recommended.</p>
            </div>
            <div class="action-def-card">
                <div class="action-def-header">
                    <span class="action-def-badge" style="background: #888888;">⚪ VERIFY</span>
                </div>
                <p class="action-def-when"><strong>When:</strong> Low confidence (single detector)</p>
                <p class="action-def-meaning">Uncertain - could be false positive. Only one detector flagged this pair. Similarity might be coincidental (common algorithms, starter code). Verify before acting.</p>
            </div>
            <div class="action-def-card">
                <div class="action-def-header">
                    <span class="action-def-badge" style="background: #2ed573;">🟢 MONITOR</span>
                </div>
                <p class="action-def-when"><strong>When:</strong> Score below all thresholds</p>
                <p class="action-def-meaning">Low risk. Even if detectors agree, similarity is below concerning levels. No immediate action needed.</p>
            </div>
        </div>
    </div>


    <!-- Visualizations Section -->
    <h2>Visual Analysis</h2>
    <div class="tab-container">
        <div class="tab-buttons">
            <button class="tab-button active" onclick="showTab('heatmap')">Heatmap</button>
            <button class="tab-button" onclick="showTab('network')">Network</button>
            <button class="tab-button" onclick="showTab('barchart')">Risk Scores</button>
            <button class="tab-button" onclick="showTab('histogram')">Distribution</button>
        </div>
        <div id="heatmap" class="tab-content active chart-container">
            <div>                            <div id="7b0266cf-a860-415c-8760-875d656fe7b4" class="plotly-graph-div" style="height:725px; width:100%;"></div>            <script type="text/javascript">                window.PLOTLYENV=window.PLOTLYENV || {};                                if (document.getElementById("7b0266cf-a860-415c-8760-875d656fe7b4")) {                    Plotly.newPlot(                        "7b0266cf-a860-415c-8760-875d656fe7b4",                        [{"colorbar":{"tickfont":{"color":"#eee"},"ticksuffix":"%","title":{"font":{"color":"#eee"},"text":"Similarity %"}},"colorscale":[[0.0,"#1a1a2e"],[0.375,"#16213e"],[0.75,"#ffd43b"],[0.85,"#ffa502"],[0.95,"#ff4757"],[1.0,"#ff0000"]],"hoverongaps":false,"hovertemplate":"%{y} \u2194 %{x}\u003cbr\u003eSimilarity: %{z:.1f}%\u003cextra\u003e\u003c\u002fextra\u003e","x":["EFE_DEMIRCI","YAREN_TEKIN","BURHAN_EFE_DEMIR","RABIA_NILAY_YILMAZ","ECENUR_GUNER","EYLUL_SUICMEZ","OSMAN_ALPEREN_KARADAG","CLAUDE","GPT","EMIRHAN_EREN_ELIBOL","CEM_KAYARDI","OYKU_AKSUNGUR","BETUL_CAGRIL","EFE_NEVZAT_CENGER","KEREM_AKDENIZ","SELIN_SUNA_KAYA","KUTALMIS_ATA_ALTAYLAR","MERT_ACAR","SERRA_PEHLIVANKUCUK","MERVE_NAZ_DIKME","MUSAB_TUNC","ILBER_EREN_TUT","EREN_COMOGLU","MEHMET_BARAN_KIRAT","EMIRHAN_DEMIR","NILSU_KOC","ATAKAN_ORGUN","ELIF_YAMAC","OMER_KAGAN_ZAFER"],"y":["EFE_DEMIRCI","YAREN_TEKIN","BURHAN_EFE_DEMIR","RABIA_NILAY_YILMAZ","ECENUR_GUNER","EYLUL_SUICMEZ","OSMAN_ALPEREN_KARADAG","CLAUDE","GPT","EMIRHAN_EREN_ELIBOL","CEM_KAYARDI","OYKU_AKSUNGUR","BETUL_CAGRIL","EFE_NEVZAT_CENGER","KEREM_AKDENIZ","SELIN_SUNA_KAYA","KUTALMIS_ATA_ALTAYLAR","MERT_ACAR","SERRA_PEHLIVANKUCUK","MERVE_NAZ_DIKME","MUSAB_TUNC","ILBER_EREN_TUT","EREN_COMOGLU","MEHMET_BARAN_KIRAT","EMIRHAN_DEMIR","NILSU_KOC","ATAKAN_ORGUN","ELIF_YAMAC","OMER_KAGAN_ZAFER"],"z":[[0.0,100.0,19.8,19.61,64.48,16.0,47.19,42.86,40.43,38.1,32.21,19.63,25.45,43.43,45.95,27.93,38.67,18.35,38.24,29.41,30.99,29.03,26.44,15.57,23.75,11.88,15.96,0.0,0.0],[100.0,0.0,24.76,26.42,82.35,21.15,45.05,79.03,67.71,56.17,28.76,25.15,24.85,36.87,61.84,30.6,48.05,33.63,44.29,44.29,27.4,25.0,25.84,22.22,32.93,17.14,11.58,0.0,0.0],[19.8,24.76,0.0,96.55,23.64,81.48,19.05,11.01,10.43,15.19,0.0,13.33,13.04,11.76,18.67,11.32,33.77,44.44,41.27,25.4,23.19,31.37,11.88,0.0,0.0,0.0,6.6,0.0,0.0],[19.61,26.42,96.55,0.0,25.23,78.57,18.87,10.91,10.34,15.09,0.0,13.19,12.9,11.65,18.42,11.21,35.9,48.65,43.75,25.0,22.86,30.77,11.76,0.0,13.64,0.0,6.58,0.0,0.0],[64.48,82.35,23.64,25.23,0.0,20.18,44.92,70.68,59.9,62.5,30.38,16.28,29.89,31.52,48.41,20.21,35.22,32.2,45.52,40.0,26.49,24.06,25.14,14.77,31.95,16.36,20.78,0.0,0.0],[16.0,21.15,81.48,78.57,20.18,0.0,15.38,0.0,0.0,7.64,0.0,13.48,13.19,11.88,16.22,0.0,28.95,45.71,35.48,22.58,17.65,24.0,12.0,0.0,0.0,0.0,5.3,0.0,0.0],[47.19,45.05,19.05,18.87,44.92,15.38,0.0,80.11,46.88,43.4,7.84,25.15,36.69,51.4,47.37,20.77,29.87,17.7,31.43,30.0,46.58,42.19,32.58,15.2,15.85,11.43,14.21,0.0,0.0],[42.86,79.03,11.01,10.91,70.68,0.0,80.11,0.0,41.84,26.78,8.92,29.24,17.34,30.6,19.23,54.55,16.46,17.09,18.06,26.39,34.67,33.33,20.88,14.86,15.48,0.0,21.35,0.0,0.0],[40.43,67.71,10.43,10.34,59.9,0.0,46.88,41.84,0.0,77.55,24.54,30.51,40.22,40.21,60.49,32.12,35.37,16.26,28.0,25.33,15.38,31.88,22.34,20.99,22.99,12.17,12.82,0.0,0.0],[38.1,56.17,15.19,15.09,62.5,7.64,43.4,26.78,77.55,0.0,33.01,25.45,40.54,38.79,47.8,34.75,33.82,19.28,32.12,30.05,29.15,28.73,30.3,12.5,24.88,11.39,12.93,0.0,0.0],[32.21,28.76,0.0,0.0,30.38,0.0,7.84,8.92,24.54,33.01,0.0,71.01,17.14,18.67,21.14,18.18,20.8,0.0,18.02,0.0,0.0,12.12,24.16,11.27,0.0,0.0,3.42,0.0,0.0],[19.63,25.15,13.33,13.19,16.28,13.48,25.15,29.24,30.51,25.45,71.01,0.0,33.77,26.83,30.66,28.57,27.34,12.24,9.6,28.8,22.9,12.39,35.58,26.92,30.87,13.33,3.84,0.0,0.0],[25.45,24.85,13.04,12.9,29.89,13.19,36.69,17.34,40.22,40.54,17.14,33.77,0.0,63.25,46.04,35.29,32.62,26.0,26.77,40.94,21.05,26.09,23.03,17.72,18.54,0.0,11.99,0.0,0.0],[43.43,36.87,11.76,11.65,31.52,11.88,51.4,30.6,40.21,38.79,18.67,26.83,63.25,0.0,40.27,25.56,21.19,25.45,32.12,29.2,37.76,25.6,37.71,23.81,9.94,13.73,11.14,0.0,0.0],[45.95,61.84,18.67,18.42,48.41,16.22,47.37,19.23,60.49,47.8,21.14,30.66,46.04,40.27,0.0,43.14,51.61,31.33,43.64,38.18,37.93,30.61,29.73,19.86,19.4,24.0,12.0,0.0,0.0],[27.93,30.6,11.32,11.21,20.21,0.0,20.77,54.55,32.12,34.75,18.18,28.57,35.29,25.56,43.14,0.0,54.19,17.54,26.95,28.37,19.05,23.26,39.11,31.4,14.55,0.0,10.5,0.0,0.0],[38.67,48.05,33.77,35.9,35.22,28.95,29.87,16.46,35.37,33.82,20.8,27.34,32.62,21.19,51.61,54.19,0.0,44.71,50.0,50.0,23.73,20.0,32.0,29.37,17.65,0.0,9.09,0.0,0.0],[18.35,33.63,44.44,48.65,32.2,45.71,17.7,17.09,16.26,19.28,0.0,12.24,26.0,25.45,31.33,17.54,44.71,0.0,53.52,47.89,25.97,23.73,11.01,11.76,12.63,0.0,10.29,0.0,0.0],[38.24,44.29,41.27,43.75,45.52,35.48,31.43,18.06,28.0,32.12,18.02,9.6,26.77,32.12,43.64,26.95,50.0,53.52,0.0,34.69,26.92,23.26,26.47,10.85,19.67,0.0,13.02,0.0,0.0],[29.41,44.29,25.4,25.0,40.0,22.58,30.0,26.39,25.33,30.05,0.0,28.8,40.94,29.2,38.18,28.37,50.0,47.89,34.69,0.0,32.69,27.91,19.12,21.71,22.95,0.0,17.16,0.0,0.0],[30.99,27.4,23.19,22.86,26.49,17.65,46.58,34.67,15.38,29.15,0.0,22.9,21.05,37.76,37.93,19.05,23.73,25.97,26.92,32.69,0.0,45.65,21.13,13.33,0.0,17.39,8.72,0.0,0.0],[29.03,25.0,31.37,30.77,24.06,24.0,42.19,33.33,31.88,28.73,12.12,12.39,26.09,25.6,30.61,23.26,20.0,23.73,23.26,27.91,45.65,0.0,11.29,0.0,0.0,23.53,10.43,0.0,0.0],[26.44,25.84,11.88,11.76,25.14,12.0,32.58,20.88,22.34,30.3,24.16,35.58,23.03,37.71,29.73,39.11,32.0,11.01,26.47,19.12,21.13,11.29,0.0,35.93,20.0,11.88,6.38,0.0,0.0],[15.57,22.22,0.0,0.0,14.77,0.0,15.2,14.86,20.99,12.5,11.27,26.92,17.72,23.81,19.86,31.4,29.37,11.76,10.85,21.71,13.33,0.0,35.93,0.0,9.15,0.0,10.84,0.0,0.0],[23.75,32.93,0.0,13.64,31.95,0.0,15.85,15.48,22.99,24.88,0.0,30.87,18.54,9.94,19.4,14.55,17.65,12.63,19.67,22.95,0.0,0.0,20.0,9.15,0.0,18.39,6.63,0.0,0.0],[11.88,17.14,0.0,0.0,16.36,0.0,11.43,0.0,12.17,11.39,0.0,13.33,0.0,13.73,24.0,0.0,0.0,0.0,0.0,0.0,17.39,23.53,11.88,0.0,18.39,0.0,0.0,0.0,0.0],[15.96,11.58,6.6,6.58,20.78,5.3,14.21,21.35,12.82,12.93,3.42,3.84,11.99,11.14,12.0,10.5,9.09,10.29,13.02,17.16,8.72,10.43,6.38,10.84,6.63,0.0,0.0,0.0,0.0],[0.0,0.0,0.0,0.0,0.0,0.0,0.0,0.0,0.0,0.0,0.0,0.0,0.0,0.0,0.0,0.0,0.0,0.0,0.0,0.0,0.0,0.0,0.0,0.0,0.0,0.0,0.0,0.0,0.0],[0.0,0.0,0.0,0.0,0.0,0.0,0.0,0.0,0.0,0.0,0.0,0.0,0.0,0.0,0.0,0.0,0.0,0.0,0.0,0.0,0.0,0.0,0.0,0.0,0.0,0.0,0.0,0.0,0.0]],"zmax":100,"zmin":0,"type":"heatmap"}],                        {"template":{"data":{"histogram2dcontour":[{"type":"histogram2dcontour","colorbar":{"outlinewidth":0,"ticks":""},"colorscale":[[0.0,"#0d0887"],[0.1111111111111111,"#46039f"],[0.2222222222222222,"#7201a8"],[0.3333333333333333,"#9c179e"],[0.4444444444444444,"#bd3786"],[0.5555555555555556,"#d8576b"],[0.6666666666666666,"#ed7953"],[0.7777777777777778,"#fb9f3a"],[0.8888888888888888,"#fdca26"],[1.0,"#f0f921"]]}],"choropleth":[{"type":"choropleth","colorbar":{"outlinewidth":0,"ticks":""}}],"histogram2d":[{"type":"histogram2d","colorbar":{"outlinewidth":0,"ticks":""},"colorscale":[[0.0,"#0d0887"],[0.1111111111111111,"#46039f"],[0.2222222222222222,"#7201a8"],[0.3333333333333333,"#9c179e"],[0.4444444444444444,"#bd3786"],[0.5555555555555556,"#d8576b"],[0.6666666666666666,"#ed7953"],[0.7777777777777778,"#fb9f3a"],[0.8888888888888888,"#fdca26"],[1.0,"#f0f921"]]}],"heatmap":[{"type":"heatmap","colorbar":{"outlinewidth":0,"ticks":""},"colorscale":[[0.0,"#0d0887"],[0.1111111111111111,"#46039f"],[0.2222222222222222,"#7201a8"],[0.3333333333333333,"#9c179e"],[0.4444444444444444,"#bd3786"],[0.5555555555555556,"#d8576b"],[0.6666666666666666,"#ed7953"],[0.7777777777777778,"#fb9f3a"],[0.8888888888888888,"#fdca26"],[1.0,"#f0f921"]]}],"contourcarpet":[{"type":"contourcarpet","colorbar":{"outlinewidth":0,"ticks":""}}],"contour":[{"type":"contour","colorbar":{"outlinewidth":0,"ticks":""},"colorscale":[[0.0,"#0d0887"],[0.1111111111111111,"#46039f"],[0.2222222222222222,"#7201a8"],[0.3333333333333333,"#9c179e"],[0.4444444444444444,"#bd3786"],[0.5555555555555556,"#d8576b"],[0.6666666666666666,"#ed7953"],[0.7777777777777778,"#fb9f3a"],[0.8888888888888888,"#fdca26"],[1.0,"#f0f921"]]}],"surface":[{"type":"surface","colorbar":{"outlinewidth":0,"ticks":""},"colorscale":[[0.0,"#0d0887"],[0.1111111111111111,"#46039f"],[0.2222222222222222,"#7201a8"],[0.3333333333333333,"#9c179e"],[0.4444444444444444,"#bd3786"],[0.5555555555555556,"#d8576b"],[0.6666666666666666,"#ed7953"],[0.7777777777777778,"#fb9f3a"],[0.8888888888888888,"#fdca26"],[1.0,"#f0f921"]]}],"mesh3d":[{"type":"mesh3d","colorbar":{"outlinewidth":0,"ticks":""}}],"scatter":[{"fillpattern":{"fillmode":"overlay","size":10,"solidity":0.2},"type":"scatter"}],"parcoords":[{"type":"parcoords","line":{"colorbar":{"outlinewidth":0,"ticks":""}}}],"scatterpolargl":[{"type":"scatterpolargl","marker":{"colorbar":{"outlinewidth":0,"ticks":""}}}],"bar":[{"error_x":{"color":"#2a3f5f"},"error_y":{"color":"#2a3f5f"},"marker":{"line":{"color":"#E5ECF6","width":0.5},"pattern":{"fillmode":"overlay","size":10,"solidity":0.2}},"type":"bar"}],"scattergeo":[{"type":"scattergeo","marker":{"colorbar":{"outlinewidth":0,"ticks":""}}}],"scatterpolar":[{"type":"scatterpolar","marker":{"colorbar":{"outlinewidth":0,"ticks":""}}}],"histogram":[{"marker":{"pattern":{"fillmode":"overlay","size":10,"solidity":0.2}},"type":"histogram"}],"scattergl":[{"type":"scattergl","marker":{"colorbar":{"outlinewidth":0,"ticks":""}}}],"scatter3d":[{"type":"scatter3d","line":{"colorbar":{"outlinewidth":0,"ticks":""}},"marker":{"colorbar":{"outlinewidth":0,"ticks":""}}}],"scattermap":[{"type":"scattermap","marker":{"colorbar":{"outlinewidth":0,"ticks":""}}}],"scattermapbox":[{"type":"scattermapbox","marker":{"colorbar":{"outlinewidth":0,"ticks":""}}}],"scatterternary":[{"type":"scatterternary","marker":{"colorbar":{"outlinewidth":0,"ticks":""}}}],"scattercarpet":[{"type":"scattercarpet","marker":{"colorbar":{"outlinewidth":0,"ticks":""}}}],"carpet":[{"aaxis":{"endlinecolor":"#2a3f5f","gridcolor":"white","linecolor":"white","minorgridcolor":"white","startlinecolor":"#2a3f5f"},"baxis":{"endlinecolor":"#2a3f5f","gridcolor":"white","linecolor":"white","minorgridcolor":"white","startlinecolor":"#2a3f5f"},"type":"carpet"}],"table":[{"cells":{"fill":{"color":"#EBF0F8"},"line":{"color":"white"}},"header":{"fill":{"color":"#C8D4E3"},"line":{"color":"white"}},"type":"table"}],"barpolar":[{"marker":{"line":{"color":"#E5ECF6","width":0.5},"pattern":{"fillmode":"overlay","size":10,"solidity":0.2}},"type":"barpolar"}],"pie":[{"automargin":true,"type":"pie"}]},"layout":{"autotypenumbers":"strict","colorway":["#636efa","#EF553B","#00cc96","#ab63fa","#FFA15A","#19d3f3","#FF6692","#B6E880","#FF97FF","#FECB52"],"font":{"color":"#2a3f5f"},"hovermode":"closest","hoverlabel":{"align":"left"},"paper_bgcolor":"white","plot_bgcolor":"#E5ECF6","polar":{"bgcolor":"#E5ECF6","angularaxis":{"gridcolor":"white","linecolor":"white","ticks":""},"radialaxis":{"gridcolor":"white","linecolor":"white","ticks":""}},"ternary":{"bgcolor":"#E5ECF6","aaxis":{"gridcolor":"white","linecolor":"white","ticks":""},"baxis":{"gridcolor":"white","linecolor":"white","ticks":""},"caxis":{"gridcolor":"white","linecolor":"white","ticks":""}},"coloraxis":{"colorbar":{"outlinewidth":0,"ticks":""}},"colorscale":{"sequential":[[0.0,"#0d0887"],[0.1111111111111111,"#46039f"],[0.2222222222222222,"#7201a8"],[0.3333333333333333,"#9c179e"],[0.4444444444444444,"#bd3786"],[0.5555555555555556,"#d8576b"],[0.6666666666666666,"#ed7953"],[0.7777777777777778,"#fb9f3a"],[0.8888888888888888,"#fdca26"],[1.0,"#f0f921"]],"sequentialminus":[[0.0,"#0d0887"],[0.1111111111111111,"#46039f"],[0.2222222222222222,"#7201a8"],[0.3333333333333333,"#9c179e"],[0.4444444444444444,"#bd3786"],[0.5555555555555556,"#d8576b"],[0.6666666666666666,"#ed7953"],[0.7777777777777778,"#fb9f3a"],[0.8888888888888888,"#fdca26"],[1.0,"#f0f921"]],"diverging":[[0,"#8e0152"],[0.1,"#c51b7d"],[0.2,"#de77ae"],[0.3,"#f1b6da"],[0.4,"#fde0ef"],[0.5,"#f7f7f7"],[0.6,"#e6f5d0"],[0.7,"#b8e186"],[0.8,"#7fbc41"],[0.9,"#4d9221"],[1,"#276419"]]},"xaxis":{"gridcolor":"white","linecolor":"white","ticks":"","title":{"standoff":15},"zerolinecolor":"white","automargin":true,"zerolinewidth":2},"yaxis":{"gridcolor":"white","linecolor":"white","ticks":"","title":{"standoff":15},"zerolinecolor":"white","automargin":true,"zerolinewidth":2},"scene":{"xaxis":{"backgroundcolor":"#E5ECF6","gridcolor":"white","linecolor":"white","showbackground":true,"ticks":"","zerolinecolor":"white","gridwidth":2},"yaxis":{"backgroundcolor":"#E5ECF6","gridcolor":"white","linecolor":"white","showbackground":true,"ticks":"","zerolinecolor":"white","gridwidth":2},"zaxis":{"backgroundcolor":"#E5ECF6","gridcolor":"white","linecolor":"white","showbackground":true,"ticks":"","zerolinecolor":"white","gridwidth":2}},"shapedefaults":{"line":{"color":"#2a3f5f"}},"annotationdefaults":{"arrowcolor":"#2a3f5f","arrowhead":0,"arrowwidth":1},"geo":{"bgcolor":"white","landcolor":"#E5ECF6","subunitcolor":"white","showland":true,"showlakes":true,"lakecolor":"white"},"title":{"x":0.05},"mapbox":{"style":"light"}}},"title":{"font":{"color":"#00d4ff"},"text":"Student Similarity Heatmap"},"font":{"color":"#eee"},"xaxis":{"tickangle":45,"side":"bottom","gridcolor":"#0f3460"},"yaxis":{"autorange":"reversed","gridcolor":"#0f3460"},"margin":{"l":150,"r":50,"t":50,"b":150},"paper_bgcolor":"#1a1a2e","plot_bgcolor":"#1a1a2e","height":725},                        {"responsive": true}                    )                };            </script>        </div>
        </div>
        <div id="network" class="tab-content chart-container">
