<!DOCTYPE html>
<html lang="en">
<head>
    <meta charset="UTF-8">
    <meta name="viewport" content="width=device-width, initial-scale=1.0">
    <title>Plagiarism Detection Report</title>
    <script src="https://cdn.plot.ly/plotly-2.27.0.min.js"></script>
    <style>
        * { box-sizing: border-box; }
        body {
            font-family: -apple-system, BlinkMacSystemFont, 'Segoe UI', Roboto, sans-serif;
            margin: 0; padding: 20px; background: #1a1a2e; color: #eee;
        }
        h1 { color: #00d4ff; border-bottom: 2px solid #00d4ff; padding-bottom: 10px; }
        h2 { color: #ff6b6b; margin-top: 30px; }
        .summary {
            display: grid; grid-template-columns: repeat(auto-fit, minmax(200px, 1fr));
            gap: 15px; margin: 20px 0;
        }
        .stat-card {
            background: #16213e; padding: 20px; border-radius: 10px;
            border-left: 4px solid #00d4ff;
        }
        .stat-card.critical { border-left-color: #ff4757; }
        .stat-card.high { border-left-color: #ffa502; }
        .stat-value { font-size: 2em; font-weight: bold; }
        .stat-label { color: #888; font-size: 0.9em; }
        table {
            width: 100%; border-collapse: collapse; margin: 20px 0;
            background: #16213e; border-radius: 10px; overflow: hidden;
        }
        th { background: #0f3460; color: #00d4ff; padding: 12px; text-align: left; }
        td { padding: 10px 12px; border-bottom: 1px solid #0f3460; }
        tr:hover { background: #1f4068; }
        .critical { color: #ff4757; font-weight: bold; }
        .high { color: #ffa502; font-weight: bold; }
        .medium { color: #ffd43b; }
        .low { color: #2ed573; }
        .badge {
            display: inline-block; padding: 3px 8px; border-radius: 4px;
            font-size: 0.8em; font-weight: bold;
        }
        .badge.critical { background: #ff4757; color: white; }
        .badge.high { background: #ffa502; color: black; }
        .badge.medium { background: #ffd43b; color: black; }
        .legend {
            margin: 20px 0; padding: 15px; background: #16213e;
            border-radius: 10px; display: flex; gap: 20px; flex-wrap: wrap;
        }
        .legend-item { display: flex; align-items: center; gap: 8px; }
        .legend-dot { width: 12px; height: 12px; border-radius: 50%; }
        .legend-dot.critical { background: #ff4757; }
        .legend-dot.high { background: #ffa502; }
        .legend-dot.medium { background: #ffd43b; }
        .chart-container {
            background: #16213e; border-radius: 10px; padding: 15px; margin: 20px 0;
        }
        .chart-row {
            display: grid; grid-template-columns: 1fr 1fr; gap: 20px; margin: 20px 0;
        }
        @media (max-width: 1200px) {
            .chart-row { grid-template-columns: 1fr; }
        }
        .tab-container {
            margin: 20px 0;
        }
        .tab-buttons {
            display: flex; gap: 10px; margin-bottom: 15px;
        }
        .tab-button {
            padding: 10px 20px; background: #16213e; border: none;
            color: #888; cursor: pointer; border-radius: 5px;
            transition: all 0.3s;
        }
        .tab-button:hover { background: #1f4068; color: #eee; }
        .tab-button.active { background: #0f3460; color: #00d4ff; }
        .tab-content { display: none; }
        .tab-content.active { display: block; }
        .suggestion-card {
            background: linear-gradient(135deg, #16213e 0%, #1a1a2e 100%);
            border: 1px solid #0f3460; border-radius: 12px;
            padding: 20px; margin: 25px 0;
        }
        .suggestion-card h3 {
            color: #00d4ff; margin: 0 0 5px 0; font-size: 1.2em;
        }
        .suggestion-subtitle {
            color: #888; font-size: 0.85em; margin: 0 0 15px 0;
        }
        .suggestions-grid {
            display: grid; grid-template-columns: repeat(3, 1fr); gap: 15px;
        }
        .suggestion-item {
            background: #0f3460; border-radius: 8px; padding: 15px; text-align: center;
        }
        .suggestion-item.critical { border-top: 3px solid #ff4757; }
        .suggestion-item.high { border-top: 3px solid #ffa502; }
        .suggestion-item.medium { border-top: 3px solid #ffd43b; }
        .suggestion-label {
            font-size: 0.8em; color: #888; text-transform: uppercase; letter-spacing: 1px;
        }
        .suggestion-value {
            font-size: 1.8em; font-weight: bold; margin: 5px 0;
        }
        .suggestion-item.critical .suggestion-value { color: #ff4757; }
        .suggestion-item.high .suggestion-value { color: #ffa502; }
        .suggestion-item.medium .suggestion-value { color: #ffd43b; }
        .suggestion-count {
            font-size: 0.85em; color: #aaa;
        }
        .suggestion-stats {
            display: flex; justify-content: space-between; align-items: center;
            margin-top: 15px; padding-top: 15px; border-top: 1px solid #0f3460;
            font-size: 0.85em; color: #888;
        }
        .confidence-badge {
            padding: 4px 10px; border-radius: 12px; font-size: 0.75em;
            font-weight: bold; color: #1a1a2e;
        }
        @media (max-width: 600px) {
            .suggestions-grid { grid-template-columns: 1fr; }
        }
        /* Detector Info Panel */
        .detector-info-panel {
            background: #16213e; border-radius: 10px; padding: 20px; margin: 20px 0;
        }
        .detector-info-panel h3 {
            color: #00d4ff; margin: 0 0 15px 0;
        }
        .detector-grid {
            display: grid; grid-template-columns: repeat(auto-fit, minmax(250px, 1fr)); gap: 15px;
        }
        .detector-card {
            background: #0f3460; border-radius: 8px; padding: 15px;
        }
        .detector-header {
            display: flex; justify-content: space-between; align-items: center; margin-bottom: 8px;
        }
        .technique-badge {
            padding: 2px 8px; border-radius: 10px; font-size: 0.7em;
            font-weight: bold; color: #1a1a2e;
        }
        .detector-desc {
            color: #aaa; font-size: 0.85em; margin: 0 0 10px 0;
        }
        .detector-details {
            font-size: 0.8em;
        }
        .detector-details .catches {
            color: #2ed573; display: block; margin-bottom: 4px;
        }
        .detector-details .misses {
            color: #ff6b6b; display: block;
        }
        /* Action Definitions Panel */
        .action-definitions-panel {
            background: #16213e; border-radius: 10px; padding: 20px; margin: 20px 0;
        }
        .action-definitions-panel h3 {
            color: #00d4ff; margin: 0 0 15px 0;
        }
        .action-def-grid {
            display: grid; grid-template-columns: repeat(auto-fit, minmax(300px, 1fr)); gap: 15px;
        }
        .action-def-card {
            background: #0f3460; border-radius: 8px; padding: 15px;
        }
        .action-def-header {
            margin-bottom: 10px;
        }
        .action-def-badge {
            padding: 5px 12px; border-radius: 6px; font-size: 0.9em;
            font-weight: bold; color: #1a1a2e; display: inline-block;
        }
        .action-def-when {
            color: #aaa; font-size: 0.85em; margin: 8px 0;
        }
        .action-def-when strong {
            color: #00d4ff;
        }
        .action-def-meaning {
            color: #ddd; font-size: 0.85em; margin: 0; line-height: 1.4;
        }
        /* Table Confidence & Action Badges */
        .conf-badge {
            padding: 3px 8px; border-radius: 4px; font-size: 0.75em;
            font-weight: bold; display: inline-block;
        }
        .conf-badge.very_high { background: #2ed573; color: #1a1a2e; }
        .conf-badge.high { background: #00d4ff; color: #1a1a2e; }
        .conf-badge.medium { background: #ffa502; color: #1a1a2e; }
        .conf-badge.low { background: #888; color: #eee; }
        .action-badge {
            padding: 4px 10px; border-radius: 4px; font-size: 0.8em;
            font-weight: bold; display: inline-block; color: #1a1a2e;
        }
        .explanation-text {
            font-size: 0.75em; color: #888; display: block; margin-top: 4px;
        }
    </style>
</head>
<body>
    <h1>Plagiarism Detection Report</h1>

    <div class="summary">
        <div class="stat-card">
            <div class="stat-value">27</div>
            <div class="stat-label">Total Students</div>
        </div>
        <div class="stat-card">
            <div class="stat-value">20</div>
            <div class="stat-label">Flagged Pairs (≥50%)</div>
        </div>
        <div class="stat-card critical">
            <div class="stat-value">3</div>
            <div class="stat-label">Critical Risk Students</div>
        </div>
        <div class="stat-card high">
            <div class="stat-value">6</div>
            <div class="stat-label">High Risk Students</div>
        </div>
    </div>

    <div class="legend">
        <div class="legend-item"><div class="legend-dot critical"></div> Critical (≥80%) - Very likely plagiarism</div>
        <div class="legend-item"><div class="legend-dot high"></div> High (≥70%) - Suspicious</div>
        <div class="legend-item"><div class="legend-dot medium"></div> Medium (≥57%) - Review recommended</div>
    </div>

    
    <div class="suggestion-card">
        <h3>📊 Suggested Thresholds</h3>
        <p class="suggestion-subtitle">Based on statistical analysis of this dataset</p>
        <div class="suggestions-grid">
            <div class="suggestion-item critical">
                <div class="suggestion-label">Critical</div>
                <div class="suggestion-value">≥ 80%</div>
                <div class="suggestion-count">3 students</div>
            </div>
            <div class="suggestion-item high">
                <div class="suggestion-label">High</div>
                <div class="suggestion-value">≥ 70%</div>
                <div class="suggestion-count">1 students</div>
            </div>
            <div class="suggestion-item medium">
                <div class="suggestion-label">Medium</div>
                <div class="suggestion-value">≥ 57%</div>
                <div class="suggestion-count">3 students</div>
            </div>
        </div>
        <div class="suggestion-stats">
            <span>📈 27 students | Median: 51.9% | MAD: 7.5</span>
            <span class="confidence-badge" style="background: #ffa502;">
                Confidence: MEDIUM
            </span>
        </div>
    </div>


    
    <div class="detector-info-panel">
        <h3>🔍 Detection Techniques Used</h3>
        <div class="detector-grid">
            <div class="detector-card">
                <div class="detector-header">
                    <strong>JPlag</strong>
                    <span class="technique-badge" style="background: #00d4ff;">TOKEN</span>
                </div>
                <p class="detector-desc">Token-based comparison</p>
                <div class="detector-details">
                    <span class="catches">✓ Variable renaming, statement reordering</span>
                    <span class="misses">✗ Structural refactoring, AST changes</span>
                </div>
            </div>
            <div class="detector-card">
                <div class="detector-header">
                    <strong>Dolos</strong>
                    <span class="technique-badge" style="background: #ff6b6b;">AST</span>
                </div>
                <p class="detector-desc">Abstract Syntax Tree comparison</p>
                <div class="detector-details">
                    <span class="catches">✓ Structural similarity, logic copying</span>
                    <span class="misses">✗ Surface-level changes only</span>
                </div>
            </div>
            <div class="detector-card">
                <div class="detector-header">
                    <strong>MOSS</strong>
                    <span class="technique-badge" style="background: #ffd43b;">NGRAM</span>
                </div>
                <p class="detector-desc">Fingerprint/k-gram matching</p>
                <div class="detector-details">
                    <span class="catches">✓ Near-exact copies, common substrings</span>
                    <span class="misses">✗ Significant code restructuring</span>
                </div>
            </div>
            <div class="detector-card">
                <div class="detector-header">
                    <strong>CopyDetect</strong>
                    <span class="technique-badge" style="background: #ffd43b;">NGRAM</span>
                </div>
                <p class="detector-desc">N-gram based detection</p>
                <div class="detector-details">
                    <span class="catches">✓ Character sequences, local similarity</span>
                    <span class="misses">✗ AST-level transformations</span>
                </div>
            </div>
        </div>
    </div>


    
    <div class="action-definitions-panel">
        <h3>📋 Action Definitions</h3>
        <div class="action-def-grid">
            <div class="action-def-card">
                <div class="action-def-header">
                    <span class="action-def-badge" style="background: #ff4757;">🔴 INVESTIGATE</span>
                </div>
                <p class="action-def-when"><strong>When:</strong> High confidence + Critical score (≥89%)</p>
                <p class="action-def-meaning">Strong evidence of plagiarism. Multiple detectors using different techniques report very high similarity. Requires immediate investigation - compare the code directly.</p>
            </div>
            <div class="action-def-card">
                <div class="action-def-header">
                    <span class="action-def-badge" style="background: #ffa502;">🟠 REVIEW</span>
                </div>
                <p class="action-def-when"><strong>When:</strong> High confidence + High score (≥77%)</p>
                <p class="action-def-meaning">Likely plagiarism. Multiple techniques agree on high similarity. Detailed manual review needed - examine actual code structure and logic.</p>
            </div>
            <div class="action-def-card">
                <div class="action-def-header">
                    <span class="action-def-badge" style="background: #ffd43b;">🟡 CHECK</span>
                </div>
                <p class="action-def-when"><strong>When:</strong> High confidence + Medium score, or Medium confidence + High score</p>
                <p class="action-def-meaning">Possible plagiarism. Detectors agree but scores aren't extreme. Quick manual verification recommended.</p>
            </div>
            <div class="action-def-card">
                <div class="action-def-header">
                    <span class="action-def-badge" style="background: #888888;">⚪ VERIFY</span>
                </div>
                <p class="action-def-when"><strong>When:</strong> Low confidence (single detector)</p>
                <p class="action-def-meaning">Uncertain - could be false positive. Only one detector flagged this pair. Similarity might be coincidental (common algorithms, starter code). Verify before acting.</p>
            </div>
            <div class="action-def-card">
                <div class="action-def-header">
                    <span class="action-def-badge" style="background: #2ed573;">🟢 MONITOR</span>
                </div>
                <p class="action-def-when"><strong>When:</strong> Score below all thresholds</p>
                <p class="action-def-meaning">Low risk. Even if detectors agree, similarity is below concerning levels. No immediate action needed.</p>
            </div>
        </div>
    </div>


    <!-- Visualizations Section -->
    <h2>Visual Analysis</h2>
    <div class="tab-container">
        <div class="tab-buttons">
            <button class="tab-button active" onclick="showTab('heatmap')">Heatmap</button>
            <button class="tab-button" onclick="showTab('network')">Network</button>
            <button class="tab-button" onclick="showTab('barchart')">Risk Scores</button>
            <button class="tab-button" onclick="showTab('histogram')">Distribution</button>
        </div>
        <div id="heatmap" class="tab-content active chart-container">
            <div>                            <div id="6aa53a6a-1077-4de3-977c-ef8c01e36d3e" class="plotly-graph-div" style="height:675px; width:100%;"></div>            <script type="text/javascript">                window.PLOTLYENV=window.PLOTLYENV || {};                                if (document.getElementById("6aa53a6a-1077-4de3-977c-ef8c01e36d3e")) {                    Plotly.newPlot(                        "6aa53a6a-1077-4de3-977c-ef8c01e36d3e",                        [{"colorbar":{"tickfont":{"color":"#eee"},"ticksuffix":"%","title":{"font":{"color":"#eee"},"text":"Similarity %"}},"colorscale":[[0.0,"#1a1a2e"],[0.285,"#16213e"],[0.57,"#ffd43b"],[0.7,"#ffa502"],[0.8,"#ff4757"],[1.0,"#ff0000"]],"hoverongaps":false,"hovertemplate":"%{y} \u2194 %{x}\u003cbr\u003eSimilarity: %{z:.1f}%\u003cextra\u003e\u003c\u002fextra\u003e","x":["MEHMET_ALI_CIFCI","KEREM_KOSE","AYBERK_SENSOZ","BAHA_ARDA_INALKUT","GPT","ISMAIL_ERIM_ATAKTURK","DORUK_OCAL","FAIK_DEMIRAY","FATIH_KAGAN_CEBI","HATICE_SENA_SES","HASAN_ZAFER_BILIR","EMIR_KEREM_ISILDAR","ELIF_NAZ_TURAN","BERKE_TURKBAY","MIRAY_DUYGULU","SERKAN_YILMAZ","SEVKET_YESILPEKMEZ","EGE_KARTAL","EYLUL_PIRINCAL","MUHAMMED_EMIN_SEKER","BORA_YALCIN","NEVZAT_OGUZHAN_TOPUZ","EDA_GUL_CETINEL","BEGUM_HAMARAT","CLAUDE","MEHMET_EREN_GUNER","CIHAT_OZLUK"],"y":["MEHMET_ALI_CIFCI","KEREM_KOSE","AYBERK_SENSOZ","BAHA_ARDA_INALKUT","GPT","ISMAIL_ERIM_ATAKTURK","DORUK_OCAL","FAIK_DEMIRAY","FATIH_KAGAN_CEBI","HATICE_SENA_SES","HASAN_ZAFER_BILIR","EMIR_KEREM_ISILDAR","ELIF_NAZ_TURAN","BERKE_TURKBAY","MIRAY_DUYGULU","SERKAN_YILMAZ","SEVKET_YESILPEKMEZ","EGE_KARTAL","EYLUL_PIRINCAL","MUHAMMED_EMIN_SEKER","BORA_YALCIN","NEVZAT_OGUZHAN_TOPUZ","EDA_GUL_CETINEL","BEGUM_HAMARAT","CLAUDE","MEHMET_EREN_GUNER","CIHAT_OZLUK"],"z":[[0.0,100.0,100.0,73.73,29.96,31.82,58.4,46.31,54.01,45.51,42.42,45.62,38.8,32.0,31.84,36.02,45.68,30.3,41.57,35.18,33.98,33.33,34.48,33.17,30.87,36.22,38.24],[100.0,0.0,100.0,73.73,29.96,31.82,58.4,46.31,54.01,45.51,42.42,45.62,38.8,32.0,31.84,36.02,45.68,30.3,41.57,35.18,33.98,33.33,34.48,33.17,30.87,36.22,38.24],[100.0,100.0,0.0,73.73,29.96,31.82,58.4,46.31,54.01,45.51,42.42,45.62,38.8,32.0,31.84,36.02,45.68,30.3,41.57,35.18,33.98,33.33,34.48,33.17,30.87,36.22,38.24],[73.73,73.73,73.73,0.0,30.57,31.45,45.38,55.27,47.88,42.82,48.55,46.81,39.8,45.67,51.77,31.2,43.16,30.89,40.21,33.92,35.47,32.75,34.63,35.08,30.23,35.27,26.04],[29.96,29.96,29.96,30.57,0.0,63.53,30.15,28.38,30.63,34.32,23.87,31.92,27.88,25.65,18.27,15.09,22.3,21.17,36.82,23.72,16.87,26.94,26.39,30.6,29.79,27.02,12.09],[31.82,31.82,31.82,31.45,63.53,0.0,30.2,30.47,30.71,34.62,30.85,32.41,28.43,26.36,31.73,15.52,35.27,18.24,37.16,34.65,23.19,26.82,26.99,29.05,35.28,27.59,14.14],[58.4,58.4,58.4,45.38,30.15,30.2,0.0,47.74,46.51,53.34,52.88,40.49,44.61,49.5,46.4,28.98,43.65,33.83,44.78,36.67,38.82,32.26,40.33,39.61,36.15,35.5,24.27],[46.31,46.31,46.31,55.27,28.38,30.47,47.74,0.0,33.61,29.95,43.21,32.94,44.15,41.04,42.25,50.42,39.37,23.26,40.89,40.31,37.99,26.06,42.21,37.02,39.85,32.16,19.69],[54.01,54.01,54.01,47.88,30.63,30.71,46.51,33.61,0.0,40.89,45.75,48.79,44.35,40.89,34.81,23.94,39.02,33.62,38.05,38.21,41.01,42.69,35.6,34.24,38.59,35.02,20.87],[45.51,45.51,45.51,42.82,34.32,34.62,53.34,29.95,40.89,0.0,48.92,34.01,27.39,36.99,28.89,21.47,35.59,29.78,42.67,29.32,22.65,15.41,36.8,38.35,30.95,35.25,19.4],[42.42,42.42,42.42,48.55,23.87,30.85,52.88,43.21,45.75,48.92,0.0,33.54,47.29,40.92,37.69,29.05,36.56,30.1,29.4,38.81,44.11,29.59,29.38,34.57,36.16,37.64,18.18],[45.62,45.62,45.62,46.81,31.92,32.41,40.49,32.94,48.79,34.01,33.54,0.0,52.17,51.85,34.33,27.72,45.26,32.56,36.86,42.01,34.39,25.62,33.21,42.09,41.0,36.84,18.12],[38.8,38.8,38.8,39.8,27.88,28.43,44.61,44.15,44.35,27.39,47.29,52.17,0.0,41.98,23.3,28.87,36.86,37.04,40.15,38.36,37.46,14.32,37.84,35.22,25.86,32.18,16.15],[32.0,32.0,32.0,45.67,25.65,26.36,49.5,41.04,40.89,36.99,40.92,51.85,41.98,0.0,33.3,25.75,33.82,37.83,20.9,29.79,27.72,15.15,19.93,25.46,26.74,29.41,15.73],[31.84,31.84,31.84,51.77,18.27,31.73,46.4,42.25,34.81,28.89,37.69,34.33,23.3,33.3,0.0,26.11,25.91,44.78,25.07,27.09,30.29,24.97,23.11,25.62,23.25,31.31,13.93],[36.02,36.02,36.02,31.2,15.09,15.52,28.98,50.42,23.94,21.47,29.05,27.72,28.87,25.75,26.11,0.0,21.84,16.6,26.38,24.75,25.94,26.37,24.96,17.16,28.74,17.86,13.54],[45.68,45.68,45.68,43.16,22.3,35.27,43.65,39.37,39.02,35.59,36.56,45.26,36.86,33.82,25.91,21.84,0.0,29.96,41.6,44.38,28.22,17.37,21.78,34.6,31.51,31.51,18.57],[30.3,30.3,30.3,30.89,21.17,18.24,33.83,23.26,33.62,29.78,30.1,32.56,37.04,37.83,44.78,16.6,29.96,0.0,45.28,28.64,24.43,23.84,33.18,24.27,24.22,21.24,12.44],[41.57,41.57,41.57,40.21,36.82,37.16,44.78,40.89,38.05,42.67,29.4,36.86,40.15,20.9,25.07,26.38,41.6,45.28,0.0,34.93,33.73,19.03,37.52,33.8,41.94,39.29,17.36],[35.18,35.18,35.18,33.92,23.72,34.65,36.67,40.31,38.21,29.32,38.81,42.01,38.36,29.79,27.09,24.75,44.38,28.64,34.93,0.0,34.33,20.96,32.54,21.69,33.32,22.52,14.69],[33.98,33.98,33.98,35.47,16.87,23.19,38.82,37.99,41.01,22.65,44.11,34.39,37.46,27.72,30.29,25.94,28.22,24.43,33.73,34.33,0.0,22.09,34.04,27.48,27.69,19.71,15.22],[33.33,33.33,33.33,32.75,26.94,26.82,32.26,26.06,42.69,15.41,29.59,25.62,14.32,15.15,24.97,26.37,17.37,23.84,19.03,20.96,22.09,0.0,19.17,15.11,17.32,26.96,13.61],[34.48,34.48,34.48,34.63,26.39,26.99,40.33,42.21,35.6,36.8,29.38,33.21,37.84,19.93,23.11,24.96,21.78,33.18,37.52,32.54,34.04,19.17,0.0,21.83,34.38,22.28,13.81],[33.17,33.17,33.17,35.08,30.6,29.05,39.61,37.02,34.24,38.35,34.57,42.09,35.22,25.46,25.62,17.16,34.6,24.27,33.8,21.69,27.48,15.11,21.83,0.0,24.1,27.63,14.52],[30.87,30.87,30.87,30.23,29.79,35.28,36.15,39.85,38.59,30.95,36.16,41.0,25.86,26.74,23.25,28.74,31.51,24.22,41.94,33.32,27.69,17.32,34.38,24.1,0.0,29.69,12.5],[36.22,36.22,36.22,35.27,27.02,27.59,35.5,32.16,35.02,35.25,37.64,36.84,32.18,29.41,31.31,17.86,31.51,21.24,39.29,22.52,19.71,26.96,22.28,27.63,29.69,0.0,14.37],[38.24,38.24,38.24,26.04,12.09,14.14,24.27,19.69,20.87,19.4,18.18,18.12,16.15,15.73,13.93,13.54,18.57,12.44,17.36,14.69,15.22,13.61,13.81,14.52,12.5,14.37,0.0]],"zmax":100,"zmin":0,"type":"heatmap"}],                        {"template":{"data":{"histogram2dcontour":[{"type":"histogram2dcontour","colorbar":{"outlinewidth":0,"ticks":""},"colorscale":[[0.0,"#0d0887"],[0.1111111111111111,"#46039f"],[0.2222222222222222,"#7201a8"],[0.3333333333333333,"#9c179e"],[0.4444444444444444,"#bd3786"],[0.5555555555555556,"#d8576b"],[0.6666666666666666,"#ed7953"],[0.7777777777777778,"#fb9f3a"],[0.8888888888888888,"#fdca26"],[1.0,"#f0f921"]]}],"choropleth":[{"type":"choropleth","colorbar":{"outlinewidth":0,"ticks":""}}],"histogram2d":[{"type":"histogram2d","colorbar":{"outlinewidth":0,"ticks":""},"colorscale":[[0.0,"#0d0887"],[0.1111111111111111,"#46039f"],[0.2222222222222222,"#7201a8"],[0.3333333333333333,"#9c179e"],[0.4444444444444444,"#bd3786"],[0.5555555555555556,"#d8576b"],[0.6666666666666666,"#ed7953"],[0.7777777777777778,"#fb9f3a"],[0.8888888888888888,"#fdca26"],[1.0,"#f0f921"]]}],"heatmap":[{"type":"heatmap","colorbar":{"outlinewidth":0,"ticks":""},"colorscale":[[0.0,"#0d0887"],[0.1111111111111111,"#46039f"],[0.2222222222222222,"#7201a8"],[0.3333333333333333,"#9c179e"],[0.4444444444444444,"#bd3786"],[0.5555555555555556,"#d8576b"],[0.6666666666666666,"#ed7953"],[0.7777777777777778,"#fb9f3a"],[0.8888888888888888,"#fdca26"],[1.0,"#f0f921"]]}],"contourcarpet":[{"type":"contourcarpet","colorbar":{"outlinewidth":0,"ticks":""}}],"contour":[{"type":"contour","colorbar":{"outlinewidth":0,"ticks":""},"colorscale":[[0.0,"#0d0887"],[0.1111111111111111,"#46039f"],[0.2222222222222222,"#7201a8"],[0.3333333333333333,"#9c179e"],[0.4444444444444444,"#bd3786"],[0.5555555555555556,"#d8576b"],[0.6666666666666666,"#ed7953"],[0.7777777777777778,"#fb9f3a"],[0.8888888888888888,"#fdca26"],[1.0,"#f0f921"]]}],"surface":[{"type":"surface","colorbar":{"outlinewidth":0,"ticks":""},"colorscale":[[0.0,"#0d0887"],[0.1111111111111111,"#46039f"],[0.2222222222222222,"#7201a8"],[0.3333333333333333,"#9c179e"],[0.4444444444444444,"#bd3786"],[0.5555555555555556,"#d8576b"],[0.6666666666666666,"#ed7953"],[0.7777777777777778,"#fb9f3a"],[0.8888888888888888,"#fdca26"],[1.0,"#f0f921"]]}],"mesh3d":[{"type":"mesh3d","colorbar":{"outlinewidth":0,"ticks":""}}],"scatter":[{"fillpattern":{"fillmode":"overlay","size":10,"solidity":0.2},"type":"scatter"}],"parcoords":[{"type":"parcoords","line":{"colorbar":{"outlinewidth":0,"ticks":""}}}],"scatterpolargl":[{"type":"scatterpolargl","marker":{"colorbar":{"outlinewidth":0,"ticks":""}}}],"bar":[{"error_x":{"color":"#2a3f5f"},"error_y":{"color":"#2a3f5f"},"marker":{"line":{"color":"#E5ECF6","width":0.5},"pattern":{"fillmode":"overlay","size":10,"solidity":0.2}},"type":"bar"}],"scattergeo":[{"type":"scattergeo","marker":{"colorbar":{"outlinewidth":0,"ticks":""}}}],"scatterpolar":[{"type":"scatterpolar","marker":{"colorbar":{"outlinewidth":0,"ticks":""}}}],"histogram":[{"marker":{"pattern":{"fillmode":"overlay","size":10,"solidity":0.2}},"type":"histogram"}],"scattergl":[{"type":"scattergl","marker":{"colorbar":{"outlinewidth":0,"ticks":""}}}],"scatter3d":[{"type":"scatter3d","line":{"colorbar":{"outlinewidth":0,"ticks":""}},"marker":{"colorbar":{"outlinewidth":0,"ticks":""}}}],"scattermap":[{"type":"scattermap","marker":{"colorbar":{"outlinewidth":0,"ticks":""}}}],"scattermapbox":[{"type":"scattermapbox","marker":{"colorbar":{"outlinewidth":0,"ticks":""}}}],"scatterternary":[{"type":"scatterternary","marker":{"colorbar":{"outlinewidth":0,"ticks":""}}}],"scattercarpet":[{"type":"scattercarpet","marker":{"colorbar":{"outlinewidth":0,"ticks":""}}}],"carpet":[{"aaxis":{"endlinecolor":"#2a3f5f","gridcolor":"white","linecolor":"white","minorgridcolor":"white","startlinecolor":"#2a3f5f"},"baxis":{"endlinecolor":"#2a3f5f","gridcolor":"white","linecolor":"white","minorgridcolor":"white","startlinecolor":"#2a3f5f"},"type":"carpet"}],"table":[{"cells":{"fill":{"color":"#EBF0F8"},"line":{"color":"white"}},"header":{"fill":{"color":"#C8D4E3"},"line":{"color":"white"}},"type":"table"}],"barpolar":[{"marker":{"line":{"color":"#E5ECF6","width":0.5},"pattern":{"fillmode":"overlay","size":10,"solidity":0.2}},"type":"barpolar"}],"pie":[{"automargin":true,"type":"pie"}]},"layout":{"autotypenumbers":"strict","colorway":["#636efa","#EF553B","#00cc96","#ab63fa","#FFA15A","#19d3f3","#FF6692","#B6E880","#FF97FF","#FECB52"],"font":{"color":"#2a3f5f"},"hovermode":"closest","hoverlabel":{"align":"left"},"paper_bgcolor":"white","plot_bgcolor":"#E5ECF6","polar":{"bgcolor":"#E5ECF6","angularaxis":{"gridcolor":"white","linecolor":"white","ticks":""},"radialaxis":{"gridcolor":"white","linecolor":"white","ticks":""}},"ternary":{"bgcolor":"#E5ECF6","aaxis":{"gridcolor":"white","linecolor":"white","ticks":""},"baxis":{"gridcolor":"white","linecolor":"white","ticks":""},"caxis":{"gridcolor":"white","linecolor":"white","ticks":""}},"coloraxis":{"colorbar":{"outlinewidth":0,"ticks":""}},"colorscale":{"sequential":[[0.0,"#0d0887"],[0.1111111111111111,"#46039f"],[0.2222222222222222,"#7201a8"],[0.3333333333333333,"#9c179e"],[0.4444444444444444,"#bd3786"],[0.5555555555555556,"#d8576b"],[0.6666666666666666,"#ed7953"],[0.7777777777777778,"#fb9f3a"],[0.8888888888888888,"#fdca26"],[1.0,"#f0f921"]],"sequentialminus":[[0.0,"#0d0887"],[0.1111111111111111,"#46039f"],[0.2222222222222222,"#7201a8"],[0.3333333333333333,"#9c179e"],[0.4444444444444444,"#bd3786"],[0.5555555555555556,"#d8576b"],[0.6666666666666666,"#ed7953"],[0.7777777777777778,"#fb9f3a"],[0.8888888888888888,"#fdca26"],[1.0,"#f0f921"]],"diverging":[[0,"#8e0152"],[0.1,"#c51b7d"],[0.2,"#de77ae"],[0.3,"#f1b6da"],[0.4,"#fde0ef"],[0.5,"#f7f7f7"],[0.6,"#e6f5d0"],[0.7,"#b8e186"],[0.8,"#7fbc41"],[0.9,"#4d9221"],[1,"#276419"]]},"xaxis":{"gridcolor":"white","linecolor":"white","ticks":"","title":{"standoff":15},"zerolinecolor":"white","automargin":true,"zerolinewidth":2},"yaxis":{"gridcolor":"white","linecolor":"white","ticks":"","title":{"standoff":15},"zerolinecolor":"white","automargin":true,"zerolinewidth":2},"scene":{"xaxis":{"backgroundcolor":"#E5ECF6","gridcolor":"white","linecolor":"white","showbackground":true,"ticks":"","zerolinecolor":"white","gridwidth":2},"yaxis":{"backgroundcolor":"#E5ECF6","gridcolor":"white","linecolor":"white","showbackground":true,"ticks":"","zerolinecolor":"white","gridwidth":2},"zaxis":{"backgroundcolor":"#E5ECF6","gridcolor":"white","linecolor":"white","showbackground":true,"ticks":"","zerolinecolor":"white","gridwidth":2}},"shapedefaults":{"line":{"color":"#2a3f5f"}},"annotationdefaults":{"arrowcolor":"#2a3f5f","arrowhead":0,"arrowwidth":1},"geo":{"bgcolor":"white","landcolor":"#E5ECF6","subunitcolor":"white","showland":true,"showlakes":true,"lakecolor":"white"},"title":{"x":0.05},"mapbox":{"style":"light"}}},"title":{"font":{"color":"#00d4ff"},"text":"Student Similarity Heatmap"},"font":{"color":"#eee"},"xaxis":{"tickangle":45,"side":"bottom","gridcolor":"#0f3460"},"yaxis":{"autorange":"reversed","gridcolor":"#0f3460"},"margin":{"l":150,"r":50,"t":50,"b":150},"paper_bgcolor":"#1a1a2e","plot_bgcolor":"#1a1a2e","height":675},                        {"responsive": true}                    )                };            </script>        </div>
        </div>
        <div id="network" class="tab-content chart-container">
